4271
3707
1932
777
3258
1858
1471
3870
3047
837
3402
785
256
4423
3100
3223
1753
1036
3000
3289
4542
3562
1685
1540
4947
344
4823
2937
1775
3343
1456
4766
4165
4150
2317
4374
3191
776
708
3299
2682
4888
3079
1934
3325
970
3267
81
3525
1715
2434
98
4833
4891
318
3530
1845
640
465
1991
2260
1663
4405
1088
4065
3350
3030
326
298
2276
474
2184
1148
3666
2292
638
353
1045
1785
4175
3111
1526
1144
1917
760
241
3789
1924
3737
4528
2850
2833
255
2004
3781
3976
3978
31
2897
2025
3288
4003
1161
3396
3351
914
2164
235
2928
1480
3855
545
218
3619
1440
3576
1349
2393
1963
2956
2278
1001
3637
991
1435
1253
3827
4101
2501
1982
2208
1876
4993
4325
2631
1588
1696
402
3206
4970
1635
1372
1506
1576
4033
2200
4109
3440
380
1768
2822
2922
2548
558
3169
3315
3418
294
270
1841
573
3735
795
3156
499
200
2297
4777
4508
4518
4819
1790
4356
404
2065
4240
1043
3455
4960
1429
1584
2744
882
3430
786
1460
1383
3761
2949
4583
1188
712
103
3755
2596
3166
16
436
687
455
2568
989
1113
3228
4474
3891
4640
869
632
166
1057
4219
3563
2397
2253
219
3306
4673
4309
2415
3564
387
3414
4597
4197
2075
1946
1374
2455
2985
1759
139
3709
4778
4501
131
251
4578
1340
4736
3997
1019
2440
416
1252
1514
1285
3340
1301
260
649
1861
228
3933
2436
1044
544
4776
1821
2981
2750
3209
279
2159
4484
1799
1730
4092
19
3790
4455
1446
3516
978
1011
4135
670
2575
2759
1579
4173
1280
2448
2165
1716
3718
988
96
3327
2109
2972
4181
3561
3452
3467
3179
1214
1761
3457
3776
3924
2395
4505
4221
3634
3381
157
185
2941
2820
3214
1074
2330
247
2422
840
4685
3420
2474
4084
3490
3551
2361
2703
1487
3615
158
1335
2734
2842
3282
1247
1420
2356
4510
3003
4315
1528
3415
823
993
2877
4005
2099
3838
2179
83
2273
3711
2201
2268
58
3787
2223
66
3694
2868
887
4526
1140
4788
4895
2115
3882
1098
2189
3224
1055
3438
2378
506
1428
4849
4040
2658
3979
1899
883
1149
4179
4298
210
1201
3640
3363
3297
4530
2409
1275
4857
2490
4230
3736
1489
4743
2752
2600
4845
2814
2254
1976
4706
1744
4769
2376
2512
2235
1064
773
964
1006
4429
4000
750
1783
525
1877
3444
4719
2935
3852
2535
1569
3060
1893
2240
723
3545
3002
1645
4011
1274
148
4008
2514
3635
3324
2211
1232
1854
713
664
4041
2974
3568
4939
3227
2418
3713
79
2884
366
3344
4552
3536
434
187
4622
3250
2377
1675
2824
267
2024
3097
26
2009
2488
3222
2375
799
2675
1399
4724
1345
1547
382
191
862
4906
1292
4413
2134
1366
634
2797
3992
1622
2048
4042
3679
2709
983
3802
3650
2980
1215
1211
1978
2790
2793
3011
1271
1639
1762
2468
1312
2424
1162
1915
316
2387
3862
3072
4377
3063
1361
1793
2669
4859
4930
4801
447
4886
626
4015
731
4763
1379
92
4206
44
679
352
1307
4984
2410
302
2016
3512
1621
510
3554
2582
2066
4274
1782
2687
918
3793
2561
4368
1005
2926
3314
738
3663
2131
295
152
3766
4016
2481
1279
603
4499
4909
4339
906
1032
730
2509
4316
2840
342
3611
3073
865
3952
1565
4388
2742
1731
4687
2462
3830
1434
4117
3588
4982
3118
2845
4877
4664
3332
2562
3688
4301
3975
714
3037
526
3778
3834
2036
339
2456
1145
3618
3
153
3377
2881
4201
179
2553
4057
4095
1632
2595
4880
1182
1944
2307
2773
1712
209
4668
1166
673
4341
1544
4580
1619
192
4422
4049
4688
3779
550
4547
4261
3147
3627
4359
3546
4415
2653
4365
189
4322
1828
3253
415
1882
4649
1298
4064
266
3794
4603
4817
1126
285
2910
3712
3630
4071
4663
3677
1112
1003
216
700
95
3336
2880
3429
1846
1334
3567
1376
2283
2948
3670
1075
1763
4841
648
4997
4160
2087
1504
2859
1507
1198
3964
2046
4600
3656
4074
801
1171
4312
3661
4513
3465
870
1357
3810
312
2431
1962
3792
4534
562
3954
3200
2958
1411
1719
3657
4811
3591
2954
4809
2878
3095
1602
4753
1065
2271
331
3648
2995
1714
3785
3263
1640
1439
1259
3404
2472
2173
2405
2963
3553
1954
2984
2437
552
4066
82
1109
2526
1971
1784
769
3280
3271
4851
4085
3690
2549
4873
4695
4512
2454
4927
2049
350
80
4001
4281
2507
3865
1287
4848
3898
4004
4386
2288
94
995
1208
126
528
4022
4002
4821
507
4490
3884
4330
1509
2504
1317
3877
2964
53
4396
4638
470
29
4052
1266
4934
2203
390
3676
424
915
4369
1822
3152
121
3024
1030
422
1174
2676
1321
3750
4733
2970
1693
340
52
646
1617
2255
3680
2875
1937
4202
2807
935
4988
1961
3678
747
2031
3673
337
24
1608
4077
307
432
3935
1202
4366
462
3682
3883
2334
1896
1320
1342
580
1734
784
4067
4844
4311
3346
3719
4352
4977
2716
1445
4372
523
4665
1246
825
4073
4928
20
3746
3082
2335
3105
2558
4182
4968
2679
482
3722
4658
2622
1871
1227
1660
3159
1132
2153
4897
4170
2696
3055
4572
3193
1698
2098
2419
1957
2458
3957
826
4054
4411
3205
755
3311
2936
2979
1614
1385
351
2489
1945
3669
2967
1482
3866
3320
3040
3093
3466
2119
4154
4029
725
1796
2664
597
3519
4320
1907
4648
4061
3373
4740
3180
4936
237
248
2646
1718
489
3208
197
4514
3575
900
2118
3484
2142
3628
124
4168
2072
3397
3689
4657
3231
820
4328
1687
2280
4503
3557
3651
4304
91
3162
2667
3154
1772
2577
3943
1375
385
2145
4277
101
1221
1671
2079
2219
2394
1191
1766
2911
2325
1756
3335
4244
2466
3260
1464
4803
4427
4242
324
2499
2457
3361
3406
1794
3972
1891
2782
2516
3497
3108
3831
4975
967
2020
154
2258
408
2540
2722
1354
2983
450
4329
3199
2073
1591
2753
4917
1331
1972
4343
3298
1070
239
4087
1503
373
2827
1598
4078
490
3138
2117
4690
1407
229
3302
421
1566
1950
1570
71
1197
691
3749
984
4620
2828
464
2945
4590
874
407
3720
1892
3535
1580
2069
4489
3290
3256
180
3286
716
2272
4262
3641
2639
315
4661
878
375
3610
1324
1965
3585
4486
3475
4555
2770
2038
1952
1634
4103
3549
2968
3989
1613
364
4246
2232
2579
3633
1008
3574
1717
304
471
4550
198
2607
4926
1187
1154
4561
1060
4974
4551
3725
1192
2282
109
3171
3958
1701
4537
1216
4948
1341
871
3638
132
2154
4976
378
2523
4319
4965
1513
4141
372
1773
1752
1476
2396
357
2795
3941
143
1683
3800
1906
2304
3521
4808
3846
775
4424
18
2281
4401
2303
4431
1864
4679
1025
739
2627
1951
452
1048
1356
4827
2869
1747
1110
299
2849
997
2269
966
1121
2601
3291
2808
957
4786
4450
2883
3115
2209
4606
4212
4520
2725
4012
381
579
4666
1644
651
1391
2993
2944
4768
2102
4158
4670
752
4303
1163
2748
2762
1721
3701
4400
2262
2747
2525
965
1251
3243
2033
4264
919
3887
4360
2228
2521
1242
2634
291
4220
576
2430
2909
2313
2380
3034
4044
1010
14
2013
349
1733
4481
2861
3974
2400
1739
1943
3858
2784
4938
2379
1515
2848
1582
524
3061
830
435
2007
156
860
3577
3448
1977
2718
3049
116
744
1840
2300
4249
2287
1049
2352
3659
520
3075
2188
1863
2723
41
1152
4713
2156
4832
2432
940
2681
3990
4935
4834
4610
892
2385
3769
3729
3371
4837
1138
586
4243
2483
1167
3383
3758
1692
2063
3748
1432
3541
2695
1567
4507
2067
844
4260
1347
127
336
3691
899
3435
1659
4318
977
2942
2707
253
4112
1814
2836
1024
2893
904
297
401
2181
4870
2732
3919
1241
2158
4577
686
2480
4750
2495
3912
3547
2811
3894
377
2136
2908
4093
1313
1256
1955
1501
3474
3727
4785
4216
1630
994
2366
2929
4899
1746
1071
1537
1993
258
4399
2392
889
2005
1587
3760
1581
4314
3685
12
3426
4684
761
2183
2638
3338
3501
1177
1130
2803
3424
2129
705
2006
3069
1935
3284
4696
1461
2977
4517
591
627
2327
3203
3897
1034
306
907
85
829
1831
3074
2872
220
367
2353
3668
2469
867
4573
4496
3658
204
3217
1326
1741
233
3322
3098
4437
72
2413
199
1512
631
4543
439
1919
2637
3532
711
4100
4361
4708
4893
3249
1949
2563
2914
4672
4378
4166
493
4748
521
2289
207
3006
2686
924
8
1419
2614
268
305
4466
617
4371
252
535
288
3041
3052
3008
4115
212
659
2112
3687
4442
2517
4252
1616
2701
1636
3275
429
3839
2906
4783
2214
4060
1776
1052
2559
546
3248
2182
4839
1365
3416
4727
3066
2554
4357
3606
1076
2093
4088
1953
2318
2132
2175
472
4729
803
1056
4875
629
4056
2907
554
1601
3134
4693
4046
4465
3349
3662
1797
1609
3742
3812
2054
4355
1319
814
3379
1572
2612
2107
1474
972
3824
3213
1405
2003
1027
4430
1518
1457
3597
2528
3242
4385
1851
1054
2143
4019
2493
2088
4367
2360
476
3385
240
3239
3994
1599
93
1081
2662
3469
1339
2259
3025
3486
3447
1142
2894
3909
272
808
2010
3184
4397
1947
2570
2316
1534
4847
625
4705
1392
1416
643
3977
107
4536
4091
172
1082
2174
4419
3245
1180
2168
875
1844
1209
3085
3927
2999
1529
2513
3144
2301
4829
3805
539
413
3822
4102
1338
592
4816
811
4765
3836
852
4650
2426
4835
99
2659
838
1041
1240
3569
1090
4863
4540
4872
1704
4711
3807
2347
1939
798
585
753
1233
2291
4255
4961
1380
2383
4337
779
399
1564
4604
1430
1050
483
27
503
4521
4
1293
960
955
2475
1190
3110
553
4772
102
2210
3644
1818
114
243
3399
1728
4799
1454
789
2042
516
1223
2011
1808
715
2337
1711
2774
4090
1402
2661
1442
1028
1855
1118
345
3433
1700
3914
3492
4086
3201
4804
4755
4032
1409
1703
3146
1418
4865
3926
2987
3368
365
4923
3784
1708
3857
2720
3410
3702
2991
1463
1641
3895
1862
184
2340
1131
2919
371
3119
2825
1611
4919
3555
4233
17
1128
1308
1856
1816
1094
1473
3868
1921
1007
2152
2593
2826
4539
2764
3342
1546
541
4120
4471
3850
1225
683
1820
3161
1911
2323
4062
3542
2221
3869
876
3906
4683
3754
4280
1847
3579
348
1852
4860
2133
4094
2890
1931
3788
682
3771
4745
621
4866
606
2078
2986
4924
1874
2717
1927
3317
1819
2648
3251
4744
675
1100
3815
142
1468
319
3056
3818
484
1102
3764
2202
639
325
4163
4036
4596
4390
1662
4541
1394
3704
2621
971
4412
1282
42
3938
202
771
4433
4797
2034
4364
3832
4172
65
1105
4921
864
2567
2746
3131
1751
2022
2821
4619
4749
4478
4854
394
1806
468
3476
4434
1989
4432
188
4735
1344
1304
3765
4125
300
2197
2947
3886
460
2141
894
3626
2464
4793
903
2199
602
2150
4731
1388
2191
3896
2212
4391
2193
1472
568
2912
2851
1444
87
2196
4345
4862
1104
4760
3556
4461
2252
4098
1360
3221
4017
4482
2678
3182
1297
4850
1970
4441
575
2757
3511
3194
4373
4989
442
1837
3609
3077
990
4446
2555
1575
328
1895
4379
4617
321
3236
1111
4050
1530
3820
2338
1213
4394
4323
898
859
665
2506
3767
2459
4387
2372
2978
2518
698
3998
690
2140
733
2309
2760
2566
1607
913
1585
941
2204
1016
2708
3101
3502
3932
2449
1042
4925
1498
4476
4254
40
3012
449
1210
2706
946
2108
1309
2863
647
4902
4678
4651
1697
624
3016
292
543
1323
3259
4791
2767
2040
948
1022
1800
1229
947
454
1833
3752
1129
3692
1452
4874
4901
3013
4840
556
463
2889
2852
1646
3498
246
2051
1787
1672
2370
822
1902
245
3517
2997
4669
4629
1101
2155
47
4144
4178
1447
1916
4059
104
2749
4174
2359
912
1562
3296
33
138
2427
3313
4802
2556
4941
2969
250
2445
3592
208
3384
1817
633
309
173
1631
330
1914
1421
1568
4784
2348
1690
4623
4176
2055
1066
3187
1196
1296
2205
4712
1205
3014
322
1798
1681
1143
3962
3703
4871
4864
1097
3113
2082
3798
3881
1151
217
4703
443
1238
4409
1647
301
9
3148
2286
824
4200
3353
4354
4628
51
4721
2056
2789
4742
2522
183
1181
3441
4571
529
36
477
4205
1680
3294
423
1653
1865
430
4302
3699
4370
604
4248
615
22
4487
532
4624
2571
974
2351
1807
2882
998
4612
793
35
3390
4633
4075
1679
3806
120
1137
4553
2721
2463
4347
3550
4006
2023
2358
1425
4758
346
707
4039
3757
4789
1
2599
2412
4560
4460
5
3255
134
230
1014
4131
3982
4234
2743
4308
3400
3621
3937
4299
3524
162
1451
2740
4828
4937
1204
1873
11
534
1545
3614
3721
2952
4985
97
3178
2680
1483
2130
1333
704
4037
3051
4317
2298
4697
1012
1592
2460
668
1203
4223
2357
2796
63
2660
2738
3347
2876
2312
2536
2414
2077
1888
1903
3362
1999
2160
2416
607
4884
176
275
3625
1396
2029
2139
2275
4218
3312
2755
1521
504
1563
1103
1754
963
4497
2124
4846
3107
1087
3879
4294
4177
1267
3859
2632
956
1310
397
289
2263
2343
2453
4896
2519
1969
3062
1156
1886
414
3293
611
178
2222
4608
3829
2295
111
4887
4562
759
1987
2834
2234
3392
3411
2220
3967
518
1625
4762
722
4905
3277
1002
2874
3986
2900
4967
721
2940
497
4973
3168
1990
530
922
2737
108
2354
3235
3366
3880
600
177
2652
2778
4195
1901
2543
4498
3395
2381
3733
4980
1031
2613
3910
3913
2092
509
1175
1836
3646
395
1306
3219
909
113
3715
3026
3071
2587
3580
2855
845
2602
1792
1254
1462
1996
1222
2192
4208
3534
2606
3681
4402
766
3780
4222
2783
3471
992
400
356
2870
2895
1410
4611
910
4192
2975
3078
2857
1377
4812
1574
1830
2497
4381
2792
4691
3007
1255
2059
3442
169
1122
3925
637
3552
4682
3218
794
3375
4483
1433
2702
1674
3586
1527
3323
1026
3871
4826
1368
2551
4495
1649
2823
146
1815
514
1330
522
3185
2769
1596
1234
4908
1244
3900
2333
4950
466
4726
4671
1612
2904
195
3753
2651
333
4774
1905
2444
4266
4045
1403
1455
1577
4229
3090
303
1155
540
2162
313
601
880
538
3031
1096
2170
1199
2643
1084
1021
2590
3278
2085
1904
2835
2530
117
3744
3756
1367
2044
2603
4595
4472
3902
1417
1139
2887
78
1185
1941
696
3652
448
13
234
3495
701
2873
56
3861
386
2645
3590
4588
697
2957
3334
1327
2677
389
635
2657
1068
3984
1550
1469
2028
1224
4089
4142
3537
741
2624
3109
1220
3157
2423
4964
4253
60
1908
3331
4979
498
2496
3142
973
1835
2215
3127
3936
4836
3367
3478
4869
1898
1890
2465
681
3533
4535
4256
347
4198
4986
706
1092
3683
832
2745
473
616
3145
886
4667
3247
3124
3463
1555
75
39
3268
4326
2615
2194
3099
622
3333
1384
3770
3604
182
3112
3774
3968
4024
1786
1736
4805
3021
2147
1449
3461
3053
2865
1125
214
4852
2542
4278
3560
491
4081
1735
3126
2461
3220
4418
4293
1218
3175
3468
949
736
277
3642
2761
3705
4660
480
2726
3996
1080
3364
4404
1857
3665
3378
2420
4130
4782
1774
4331
772
560
3506
2256
3422
282
2364
4655
3068
2365
1414
896
2302
4889
3173
4493
512
4564
2930
4910
4217
4741
897
4043
1441
4133
4153
3578
3916
4563
2349
666
3339
3305
2670
3955
1023
3369
3464
3803
1495
2478
4305
531
3903
4072
620
119
492
4292
163
3423
1206
3407
3816
4251
1988
3942
1089
764
2938
2589
2771
4773
4128
2485
3948
1666
921
354
1887
3130
451
106
3204
1018
3741
1243
4194
4502
4286
62
393
4169
3446
3655
1424
2389
4589
3837
1491
4538
1706
3706
2257
1726
433
2565
3104
3129
1531
4830
612
1594
3759
3356
4885
2447
1676
728
1040
3888
2089
720
4575
438
1849
4954
3507
542
2125
2754
1395
3863
4152
135
3028
4586
1791
4408
572
2374
128
3226
937
693
224
1438
4445
262
3453
3431
1710
2815
1265
3991
2435
877
1875
4831
4674
4675
2417
4420
2014
1159
1723
4949
1038
2311
2578
3963
10
2041
1867
2860
1401
3503
1848
3283
2261
2799
756
4164
2113
4147
2476
4290
4996
858
4725
1492
3281
2588
3513
1615
3607
676
4548
213
1072
3151
2831
418
4338
1219
890
2524
917
496
2127
4953
2104
4903
3724
2026
2927
3493
3917
461
3046
2021
4384
2729
1695
4123
376
2775
1665
3922
3128
4592
3076
2452
4500
1352
709
4907
4916
2180
2406
4694
1364
851
3872
2401
1765
2776
1771
4616
4023
206
2781
1250
4407
2294
2163
4031
3599
1573
644
1826
426
3571
527
2249
4546
1086
2
1732
505
950
4113
1968
1173
557
2231
2917
2429
2950
2844
4810
363
1533
3653
743
4443
4297
54
3740
2241
1678
3489
4139
1637
815
244
2284
981
21
3616
839
3710
4030
1116
678
3649
1120
2096
151
3905
751
1450
2531
902
4241
2728
2247
4272
115
4114
1556
841
4576
3589
559
3473
3372
3458
4283
2816
2700
1136
567
2546
2018
3292
2074
4410
4756
2916
3970
2610
3500
2245
1623
4641
4106
276
3136
962
4558
802
2216
481
1490
150
2106
3731
549
695
149
2218
4134
3365
38
2121
1115
619
1422
727
175
4707
3494
4146
1037
2644
4269
3121
1960
2369
4761
3413
1664
4820
2915
2144
459
3840
1900
236
1299
2544
3032
1133
609
630
3120
4215
4480
669
1270
327
2027
4053
4559
3923
2498
2812
4637
2806
4995
4519
3745
4161
4892
1538
2794
341
770
1351
689
2446
4344
4653
2898
133
3876
427
4904
2146
1722
3276
296
4447
1477
203
1353
3930
4207
2123
4972
278
656
598
645
1549
1909
2564
1260
987
4969
581
1542
3811
2642
4267
1017
1268
3394
1725
1290
3768
2329
3341
4362
4609
4063
4457
3708
757
3889
533
3622
232
1869
3743
3225
1553
2411
368
929
872
4942
3543
2719
55
332
1517
479
2207
3684
4767
893
4145
2766
88
4900
1239
2482
661
2557
3216
1332
563
2266
194
4527
1412
4307
4300
1980
4351
1284
3388
3950
4258
1502
985
70
2763
3454
843
4759
2471
3042
190
205
2541
2363
2248
2539
2630
2328
1397
2492
1788
2605
2647
2961
1058
2971
4680
2777
817
4621
3057
719
2467
1605
1108
3477
3847
4007
3566
2060
4426
672
1484
3018
1047
4825
4245
790
317
1691
1493
2037
2451
3401
685
812
3005
2505
1237
4853
3751
1337
3693
2246
2618
2689
3307
3953
3023
2853
3029
593
4035
369
4459
4882
658
2122
2533
2167
577
3321
2879
3949
4579
231
2479
1923
4268
618
320
4287
2592
3539
4861
4565
1314
4121
1938
3257
37
1984
4190
4574
853
1346
758
3544
4228
2962
1062
76
4070
2650
1183
1117
3165
4188
3086
4722
3265
765
781
836
4209
2138
4601
3237
2019
732
4020
1371
3421
1532
425
2176
3636
1511
405
2818
4167
1868
4652
2626
494
4435
4593
290
2487
1165
4479
589
4911
1767
1387
1184
2756
916
4203
4376
4998
1067
4999
1709
2477
511
1650
3565
1083
4335
1157
1245
4515
1655
3851
4764
3087
745
1382
2990
2591
4382
1519
34
4746
3096
1150
3969
1189
3934
842
1742
4470
848
866
4270
3835
3103
273
361
4340
4990
1413
4914
4775
1998
551
4818
4276
4082
2233
2322
2810
547
2032
4681
196
3632
2529
3359
4747
650
3660
999
2045
1654
3160
3044
1929
3928
3763
590
1561
4235
3195
3956
1604
440
3527
3330
2576
1228
3620
3246
861
797
57
1004
4971
4440
2388
3672
28
1781
2854
374
4516
1600
2802
2867
4485
3167
3999
2585
4581
3262
2012
3594
1606
105
502
1295
4822
4913
2052
2296
4162
4137
3854
4171
827
2308
4945
1278
2148
833
2326
3833
3010
3728
2267
1729
4824
3273
1586
2871
636
1652
1809
4686
1355
1217
2943
4488
1983
3573
4856
4716
3777
112
3624
4068
3980
4656
4491
653
2581
4676
1618
1124
2583
4615
2057
2336
3091
4383
2390
1369
2572
3337
1431
4462
25
1302
1994
2736
50
2801
2172
2933
4076
4009
284
806
1466
3065
2992
1127
3133
283
2573
515
1370
68
4273
2839
2000
59
4700
4806
3867
3244
226
4214
4959
3015
144
409
1258
4662
3140
69
3795
1810
3417
428
4883
4912
4654
1669
3482
2103
831
4720
2502
4739
3238
4282
1390
1913
734
3089
1230
4392
2399
227
1897
1257
4265
1236
2442
4477
4027
3987
4259
571
4151
660
4842
599
1305
1656
3354
1249
1603
2345
3782
1593
4614
3059
3675
4456
3443
702
901
2655
1749
1343
4715
3183
810
2847
2858
4122
4448
168
4449
4136
3845
1500
2494
1713
4931
1291
911
1106
3920
1843
4991
1153
4296
748
2094
2319
944
1825
594
1536
3985
3515
2290
360
3762
1508
4096
3117
43
1458
3036
1475
478
2362
943
147
4438
3901
2321
4738
4632
4983
4458
2171
1061
2239
674
457
1757
1740
3959
945
3450
3279
2735
3853
1283
2955
259
2017
2039
1850
441
2402
118
1642
174
1958
2741
4048
2791
1595
4417
4110
1481
3425
1091
4642
2053
45
1261
3582
446
2081
2837
2594
3254
3823
1975
1078
3212
1724
2809
2229
3819
1362
854
1478
975
1195
2688
1020
3738
211
850
1408
335
2503
4047
1348
2692
3329
4636
2765
1657
4544
4557
800
1389
1169
4647
1381
982
1992
4723
2699
4718
1386
1146
1541
4389
3510
2274
3269
4800
4083
343
4956
4014
1633
3155
3643
2227
1770
4124
2043
221
934
1123
3434
1485
1930
4058
4263
1827
5000
3505
4421
2598
1802
1720
2994
4467
1423
3747
1801
1523
3971
130
2421
953
888
1940
2407
3716
2439
2629
3261
710
1558
2367
1085
3631
4225
1524
3907
1378
4291
4699
780
4454
2217
2101
2342
2798
4506
905
1764
1231
3355
3726
3696
3983
1894
1853
2047
4728
4239
1406
4393
2684
1643
323
4714
2368
3088
979
1522
4659
2698
3945
818
2206
2666
1051
3176
4792
608
3623
1571
3654
2705
2243
3856
64
2084
1073
1979
2403
3717
2713
1164
927
3602
2095
2508
2733
2779
4643
4289
3873
2305
3301
729
3408
242
4080
1099
3459
4464
437
2886
3608
1033
3572
3360
3045
3172
1015
4184
1778
3799
3174
2408
4966
4618
1780
2739
2946
1095
4257
1707
4463
2673
4055
2819
1829
3211
1294
3842
225
453
1315
3639
4509
588
2277
3150
4566
2080
3960
614
2805
726
3940
254
2841
4795
969
2918
3558
2623
456
1559
583
1805
1838
1289
791
3386
1235
4118
4545
1985
4625
4951
2604
1880
2959
4119
1479
718
4582
222
1560
3988
338
4532
566
1393
1035
2382
155
6
4920
3488
2149
2786
2965
942
417
67
2649
391
4701
1628
4079
3538
2988
4751
3951
487
4403
2198
1551
61
3449
1779
3723
3196
2532
4279
4602
3808
2097
1269
1453
170
2484
657
4634
1811
1336
4116
431
2331
4336
3559
3370
1638
308
4878
1193
271
2195
3436
4958
4644
4406
2510
3233
4453
873
4771
3531
1426
1286
2537
2293
3786
3875
3828
1884
3181
796
1966
4807
160
740
655
1967
4717
4363
1325
4310
938
863
4236
2137
2062
2608
3304
4898
1910
1272
3188
1964
3197
662
926
1516
2100
849
3695
1029
2386
1860
1997
932
3084
4132
1795
4285
3796
2899
3645
1920
383
3374
3125
3316
3460
3398
2758
2213
1277
3081
379
2552
4752
406
4452
4781
2001
3252
2635
2785
3303
1760
1039
84
167
2920
2560
537
2641
3358
3843
501
249
2320
4436
137
420
1626
3035
3116
4533
4468
2597
3102
444
3428
881
2086
930
4025
3892
595
2161
3899
2616
2339
4894
2166
3409
4494
74
2704
2177
4213
3050
4350
868
4858
3485
2279
32
2126
1648
2244
1804
1168
1465
1000
1436
1834
2636
4522
2902
123
1263
2934
4585
3671
4932
3019
548
4492
4734
2838
2105
536
1262
488
4918
3094
4568
3266
4963
4531
513
847
3326
2982
1496
788
4295
3581
3202
2727
4288
86
2921
4395
813
2534
4342
3295
3439
3700
2830
265
746
4613
1995
3387
1824
4334
2931
996
3058
4439
3514
735
582
3783
1702
1912
2656
816
1922
1158
519
3020
486
4224
1114
3817
4692
2674
4702
2527
2015
3348
3080
2070
3207
3993
1981
4324
804
1427
1194
411
2580
3232
485
2832
4594
3499
1552
3033
3043
4607
2230
201
3149
3143
1212
3981
1470
692
4962
2236
2128
3697
737
3380
4444
805
1973
3004
2441
1178
3965
3529
2545
596
4155
4944
3973
4525
2989
4349
1300
4051
100
3114
3001
164
1510
642
1276
4524
388
4026
4940
4798
4646
2951
125
4104
792
570
2515
171
1948
4111
1207
3540
4591
2520
2433
2299
3153
2625
4978
186
3479
1350
4204
4704
2035
3393
2905
1288
1832
517
2091
3139
4554
2285
3548
30
613
412
1803
141
1543
3509
1769
159
2611
925
807
3947
1699
3054
1226
1986
1497
1589
4232
4010
129
3067
3732
3520
2888
3813
1179
885
89
3600
1077
4013
699
879
628
329
3170
768
359
3908
15
3522
311
2030
4710
3272
663
2617
2332
1926
1311
4284
274
1141
3890
3070
3496
2083
3456
1624
77
384
561
1059
1689
2998
3123
819
3092
396
3931
4097
4933
4754
2443
1750
4915
1942
281
4428
4473
310
767
2640
263
4099
605
4876
1486
4843
3848
2697
4333
4469
1200
3319
939
1281
4787
370
3270
2355
3885
2672
980
3234
3389
4348
4140
140
3480
4129
3137
3274
3518
3432
3647
742
4639
2064
959
1400
2862
4398
976
3504
1535
2690
2619
4196
4149
968
2237
2090
1539
2324
2438
3412
269
4187
1686
3893
856
3526
1373
3966
2731
1488
857
4757
783
2671
261
4199
587
3821
2071
1667
1755
2885
2185
3470
3528
403
3352
181
4645
2225
145
4698
3686
4584
1505
1737
2384
623
3357
3310
641
2800
1823
4730
3878
3612
4794
3027
1661
2346
809
1303
891
1053
4946
4313
1748
2450
3445
2404
3864
3613
2550
508
2966
4779
3039
2953
1119
4105
3083
680
4183
4627
334
2620
4138
1135
1812
3797
3605
3593
3198
3230
469
264
4414
1404
3844
3132
3017
920
3773
1682
574
4780
762
667
3809
1398
3229
2190
3995
3944
2002
2788
4790
3911
3287
4034
1956
419
958
1069
2314
1494
1688
500
555
1668
724
1415
4955
3391
2251
4770
4992
286
1009
4556
2169
3584
2829
787
3664
2270
3791
4599
1443
1859
3451
4332
1705
3483
358
4237
1134
3491
2470
1651
4148
855
931
4598
3929
754
1499
821
774
2960
2076
1316
4416
1093
23
4732
1046
1743
952
2425
2178
280
3177
3698
2668
4375
314
3874
2371
2151
2120
2114
3921
2111
961
1883
362
4890
4929
3617
2730
652
2891
4957
4247
355
2068
3667
4380
1673
4987
1839
694
3508
4028
3240
3841
1176
1359
2973
2976
1597
2780
4227
4210
1554
3772
1322
4855
3587
4327
1879
3022
1684
2691
1318
1933
1079
4126
3570
3775
578
398
3915
410
2712
2896
4425
1885
1186
4605
4038
3437
933
4952
3135
4504
1627
3939
1264
1842
215
2996
1974
2398
1777
90
2768
4353
1918
2715
293
3918
2500
2250
2584
2864
2473
1936
2710
3734
3419
2350
122
3714
3158
4626
2306
1610
4815
1959
1620
4193
4813
2491
1147
3189
2264
1548
763
3048
1448
1694
3009
1520
928
951
4358
110
2654
4868
4943
1878
1358
3487
2892
4838
3462
2846
2924
2787
1758
4737
3603
1363
936
4250
4157
4346
3163
3210
238
2714
2817
2856
1172
677
986
684
749
835
2310
4570
565
4635
1160
4306
1889
165
3825
4108
584
3064
1727
2633
1013
4191
3190
2685
2609
4451
908
3345
4529
564
49
3106
2341
161
2058
4922
1928
3946
4549
3595
3405
1629
3826
4186
846
4211
223
1467
4881
2574
445
4511
4127
1557
3241
3523
2344
1583
4143
569
3674
828
3300
2428
703
654
1677
3308
2925
895
392
1738
2751
3730
3481
1870
2683
884
7
2693
3427
1925
3328
2135
48
2224
2866
2315
4587
1872
495
2538
136
3472
2265
458
2772
3601
1063
4231
73
1329
4981
3598
2157
3264
4021
3629
2569
46
193
2665
2116
2813
1170
2932
2586
3164
3961
2628
2843
923
2187
4709
287
475
1745
2226
4180
1578
3583
4238
4567
1789
2373
4159
3285
2486
834
2110
4867
4226
4814
2242
4189
3860
1248
1273
2724
4475
2804
3038
1328
4107
3849
4631
3318
2923
3801
1525
954
2050
2238
1670
4994
3814
1107
2694
4185
257
1437
3309
2901
3739
610
4796
4275
4630
2913
4018
2061
3596
3186
778
2663
4069
717
2391
2711
1813
1658
671
3192
782
467
4689
3804
3215
3376
1866
3403
2008
3382
4677
2903
2186
1590
1881
4321
2547
3904
1459
4569
4156
2511
4523
4879
3141
3122
2939
688