352
363
422
324
149
262
197
298
130
140
132
448
319
385
233
267
334
183
216
387
442
408
314
248
489
237
249
150
205
238
1
368
89
380
224
344
245
143
230
99
487
64
81
342
13
16
246
160
426
297
118
96
400
136
321
291
116
135
381
170
186
23
19
61
52
496
359
14
240
166
284
288
283
188
378
440
407
469
114
475
413
225
455
207
124
196
478
3
259
6
419
162
176
227
217
326
447
129
482
137
213
337
445
460
228
168
277
361
315
465
285
103
471
421
308
35
141
434
51
148
417
428
347
290
184
33
4
356
310
435
474
109
377
292
220
500
499
415
252
208
159
126
405
431
247
134
72
165
189
242
411
25
232
179
175
46
282
311
266
37
181
494
278
427
133
221
41
372
493
257
268
271
20
151
318
195
30
454
479
450
391
346
194
390
270
466
142
423
155
388
485
63
481
336
204
163
274
45
219
343
306
244
171
68
281
293
418
463
456
383
229
330
357
392
111
55
462
451
43
11
433
414
261
458
365
40
22
373
412
201
409
235
317
294
325
121
215
254
100
26
198
264
54
211
66
88
234
138
67
340
65
279
122
131
58
289
91
353
269
50
301
203
57
79
401
313
125
187
153
174
5
154
214
303
300
82
425
366
396
161
467
48
446
158
376
42
156
120
341
78
393
226
90
480
110
49
272
239
364
273
147
80
299
36
38
18
328
74
76
461
127
83
258
182
93
73
241
457
102
345
389
117
113
56
459
71
243
491
59
231
332
349
488
10
95
169
477
302
484
470
164
15
84
370
44
369
476
87
200
86
430
374
379
483
492
77
316
97
404
403
354
34
371
437
287
490
101
123
210
351
12
255
70
85
190
355
250
104
436
441
32
108
128
146
367
192
139
251
327
468
486
280
305
98
185
444
429
178
62
260
295
92
406
453
312
8
173
177
105
410
338
60
329
191
322
402
31
350
27
320
152
202
375
107
47
275
69
263
17
106
286
382
172
180
399
304
397
115
464
497
386
144
157
9
394
438
222
358
21
39
212
7
206
145
472
452
362
296
2
331
323
223
199
276
218
119
28
439
416
167
432
348
395
335
384
236
253
193
75
498
443
333
309
495
209
112
420
424
473
398
307
449
53
29
265
94
339
256
24
360