7226
8812
4453
8651
4113
2173
2287
259
3493
3583
8190
8769
7478
9139
9513
8977
1254
2210
5881
4481
9911
7353
4880
6333
1394
1845
5266
2949
1646
1
2713
330
8998
7282
6864
2583
3610
2828
9811
1967
3394
6747
11
2229
9503
6030
1331
119
7506
8536
3175
111
9439
858
908
9651
5353
7734
397
2484
74
279
2706
8534
6491
8260
3030
3918
2075
138
3561
7256
2410
4101
5464
1585
456
4198
3766
8681
8075
2186
9949
66
4419
1529
3353
9959
375
4834
9531
4493
333
4257
4718
3022
674
3909
8917
543
5577
2625
9491
8745
2577
676
8759
3523
5815
6967
4240
1939
8047
5015
5656
3189
9784
7145
8122
3571
1014
2566
3140
506
2730
800
4730
7492
362
3711
8346
6056
1832
7750
6041
6516
8633
2002
9356
4169
5569
4373
3954
9096
5871
9101
8308
2241
3321
7383
5545
1856
3297
6202
7400
3485
8283
8550
1552
7633
1213
1466
7858
5852
4482
1340
5357
7222
6300
4572
5667
8959
2855
7067
5195
50
2304
706
9075
243
7682
9592
9577
661
8865
409
8040
5773
9280
9085
2344
1606
5858
8343
7719
4019
2801
747
3056
9554
5635
2513
9490
7926
8686
9238
9847
1166
561
1621
372
1230
4115
1838
1746
3089
4526
9056
222
792
9760
5162
2080
9936
5150
5119
4501
8345
6339
2540
3085
9545
4233
9393
8974
5419
7238
4594
6776
9410
1679
5619
7981
4901
376
9122
8251
1432
8773
7208
2835
6633
9818
80
4317
3093
1510
4213
4924
7700
3079
1618
370
8916
4177
9082
9343
5056
7945
7338
4574
7503
97
1731
4013
6343
8994
6453
9441
2456
2459
1943
5083
7970
9600
5672
6656
3071
2033
8777
5994
3928
3395
7320
5997
3662
4400
4514
6057
6743
9340
9314
6594
4674
9787
9390
8560
7973
4580
5889
7329
545
3923
4333
664
1480
8652
3837
4650
553
2860
6658
4037
4646
2904
4247
4862
901
6851
7593
9862
9107
7455
6402
7367
6508
8059
360
4840
9417
1302
3385
895
7220
8352
8575
6643
5474
3697
2414
2866
3460
8148
6984
3027
2369
956
1973
4607
4988
9568
4361
6164
32
2968
7200
8179
2939
898
6471
8486
3444
5055
2870
7132
5005
4908
9485
7113
7662
4931
1248
2871
8135
6433
4206
8694
9727
5344
4127
2823
5952
5910
1787
9006
3532
1314
1304
2137
6230
8203
7938
2250
8963
5650
1426
7266
3908
1602
1189
1493
8956
4006
5516
7987
6885
3314
3536
9360
2396
8330
9574
8657
8857
6059
5538
1757
1749
4677
6097
5455
9616
2591
8947
1416
3126
4905
9243
2430
1909
7011
1864
9384
2312
2149
2078
7848
6501
5868
3125
7176
8454
9155
7797
6847
4307
9383
9527
1229
1875
5940
2537
7163
8666
5121
1559
2642
1800
3333
493
7893
3800
555
5944
7796
9197
4227
4737
3293
1490
2764
9153
6688
2276
8494
7572
9874
9962
7412
5579
8675
9539
1536
9391
3869
8776
2978
6517
3078
7544
4200
6062
5243
6687
7482
4895
4822
4439
1713
5061
31
9002
8227
5719
631
3840
8525
742
4545
5261
4782
167
5528
7567
518
6976
4912
3270
6236
8895
4850
4311
4648
8825
5386
1701
2170
732
9833
3107
6176
3867
1178
4496
231
3114
8896
7613
2398
1288
9869
9295
3773
5013
7573
9399
1734
8481
1612
9304
9808
2635
4465
5016
2760
892
6534
6072
5438
1886
934
6929
5431
8325
5149
3743
1556
8398
9842
6408
5160
1933
4829
1258
3409
3723
935
8305
9878
5157
1814
3621
8371
1501
685
4284
8528
3199
38
3004
6953
4515
5373
9424
919
6572
646
7810
2668
5075
9440
1455
1266
9028
3629
6937
8755
3098
6318
9886
6649
597
3911
1390
6482
3323
5038
3055
2415
1299
3993
2195
6727
8703
3821
3623
4086
7541
8254
8557
6639
2042
703
2475
6385
2538
958
7862
2489
5073
8493
6695
363
5630
1984
3777
552
6258
4575
6759
9653
6261
4667
5308
412
999
7210
5309
2315
3012
9677
5658
7484
5843
4722
9518
1674
8673
7531
2453
2110
9553
8083
5727
9124
5636
9650
1059
3002
2003
8476
9145
158
9887
3588
5371
1086
1098
9670
3508
6149
9429
6070
701
4143
9223
1076
7089
5105
8143
3673
633
3581
9710
2077
5779
2775
4024
7881
8263
4058
5211
4455
848
8060
3095
6171
1385
6196
812
1570
1908
448
6763
8670
3725
569
7941
1494
7869
9418
9927
4026
6357
8314
6468
4919
4196
6288
4830
9958
5663
8524
913
8792
7586
4623
2451
841
7144
4808
1777
624
2441
482
620
2488
9276
3741
2460
459
6054
7143
7794
586
6510
5894
4706
2618
6684
7744
9843
8530
2163
6014
7103
3041
1431
3277
675
1344
322
8318
247
3557
28
4254
2377
356
8817
5482
492
1198
4280
7925
1279
5465
1857
3680
9405
4664
5879
1105
6279
59
7244
4715
2158
1850
1048
5137
1149
3224
6832
8468
7489
6141
435
6515
8295
9338
9460
1592
9899
4122
9711
1950
8706
1716
8331
2725
9743
7595
5027
7487
8147
9698
9939
7343
8661
5743
8834
4348
2587
107
8779
1467
3579
8731
4510
3949
6705
7540
7940
6932
6280
7015
5537
4094
7395
5813
5029
7876
1389
9316
4495
6422
3474
1547
7182
9226
9437
9506
8767
165
5097
4425
5367
2235
3608
557
8948
8198
3212
6488
6421
9205
1769
9265
3134
2527
2900
8306
8163
9476
5141
3211
7723
6143
3396
7639
4411
8796
954
4894
6575
5844
9423
3222
8286
6606
8771
9378
7056
5999
3428
7073
5131
9261
7332
6440
7438
2291
3039
1418
4242
114
818
3795
237
7216
9581
3325
5277
284
2073
1690
1818
2069
9903
7441
3181
5960
7499
4450
7280
4386
5402
7757
7057
605
3115
3553
6426
3143
9434
1125
7701
9414
5426
3562
789
2222
9363
2127
7621
2981
5241
241
8115
9906
9269
5218
2360
1356
2103
2728
2761
3661
736
3518
5448
7878
7826
7215
699
4736
9191
272
3612
4102
8785
6901
2298
3364
1420
5359
6223
4128
5125
5458
4979
6120
399
1790
6393
6618
4079
5132
6991
1522
8650
9819
8936
446
67
6996
1243
6001
5628
7831
5734
2852
7867
9059
2493
1214
6756
575
764
9747
7417
7703
1677
5860
3861
9802
9615
6267
8786
9798
439
2425
8751
8827
457
691
5649
4406
192
6260
1182
7713
1955
2308
3720
9588
2403
1849
5891
329
827
1347
2476
8754
8164
2053
9885
473
6
6380
2959
9934
8316
2804
8585
3649
3787
655
9501
8975
4939
2062
5712
4666
39
6546
9463
7545
5443
1582
6613
8535
4557
8713
345
3432
8463
7560
5542
4087
2225
6165
1935
1844
1912
1273
1885
2960
7480
5508
317
5407
1193
5295
810
6707
1291
3341
8000
5511
8685
1965
698
5686
9302
9385
5368
1172
9604
6717
7765
3726
6234
790
4701
8001
3740
8628
9999
7344
5220
1839
5
9969
9047
7096
8197
6523
7725
2768
7777
3810
6271
5065
702
1830
9583
5810
1789
7445
6346
9387
9860
2691
992
1225
2337
221
3827
7140
7262
4210
9970
248
7097
3639
3128
9380
4050
7147
4964
1477
8375
4797
846
7916
9509
4114
8136
6638
766
9034
9854
2551
8205
6242
5394
7082
3768
2479
9740
1171
2009
1629
1019
3939
4035
1384
8953
7694
8167
5370
8678
4935
398
9087
5625
5138
7551
5008
6907
962
6877
3976
2620
5020
590
5959
4903
6549
6927
3855
9007
2469
1518
9953
5841
4436
1760
4776
3219
2068
353
6249
4852
1974
1847
5737
5989
1994
5207
8836
7025
8269
178
5517
6514
8229
9365
5615
3169
2097
1804
4816
6564
4503
6898
4151
4273
9264
431
1700
2096
640
5481
8380
2953
57
6903
6373
4644
9486
2612
6414
3771
9870
7615
6080
4020
6740
2838
4089
5783
377
2417
1054
6771
3613
5021
7957
8811
9001
8855
1575
6880
3533
4923
3294
6316
6481
959
3059
9593
6103
4865
4899
3722
7954
7678
1609
6647
8443
1811
7460
4740
290
8495
8279
3062
3266
750
5085
8090
7631
820
628
7561
3849
4998
4610
5588
4111
3466
9129
1999
337
1617
9336
4911
1821
8307
442
8195
9532
1237
5541
2628
5329
9672
2969
1103
2856
9333
4929
1563
5561
3317
3120
4680
6051
9057
6209
8583
8715
2397
5459
422
8780
7055
5710
3452
6042
4577
3746
9079
2662
8943
1813
6185
5035
7922
3162
1624
2822
4978
4353
4440
1008
6129
8860
3472
5409
1898
2638
2578
5864
2907
8149
6843
2420
606
7843
5301
6607
8772
6822
9763
5992
8328
7342
4321
1143
6340
1505
8257
5592
8066
6113
3063
2582
502
6381
8782
1177
3498
7730
4021
2378
9803
5106
6986
6946
4920
2264
3677
5123
4859
9716
7090
2888
6511
9192
3193
9200
9427
7255
2639
2384
5648
6441
396
6502
5698
9942
7504
9051
5375
9347
6969
4218
490
7122
949
7988
6313
7952
9540
8358
3794
8372
3876
7313
2030
838
4871
9767
6766
7023
479
8376
6124
8480
9523
9990
1332
8841
2175
3674
5876
8441
1342
9182
678
860
2803
653
7195
9358
5298
6376
6314
6048
2722
884
7306
1485
2683
2862
9275
7387
7004
4672
1095
4082
4671
5456
4475
6464
4670
4874
797
8551
7279
6827
7699
3335
2164
1524
1131
7583
3088
3683
2570
4601
906
3524
9779
1295
4390
2994
1824
7347
5673
3473
7762
3047
2778
9719
1537
9015
444
5082
488
6210
3110
8744
9599
1644
7354
5155
8726
2019
7977
1079
9443
3600
6922
9187
2491
6152
3068
5283
7811
1365
5213
7865
3935
9181
1065
4508
3584
4698
3052
6254
8517
2508
1685
2721
4519
966
9234
9376
1137
494
943
265
5342
6616
5323
2617
6985
9504
216
2682
110
3826
7774
4523
1687
7535
8578
2219
276
5983
7397
1632
2598
4554
9194
2581
4618
622
6487
4983
5158
5835
7745
8057
9353
8433
4487
35
6295
1663
9039
1642
6106
6361
5887
1998
7728
9428
4016
5602
72
1870
4946
776
9733
5393
6691
8682
3307
169
7101
9444
649
8086
1047
3997
822
4033
7227
1641
7358
7321
4886
6800
2886
1531
8695
6962
7705
8506
9914
8733
4282
1004
7033
8802
8851
2500
3882
2918
9398
2705
9997
1323
6742
1549
2316
8572
6784
1306
4619
7384
6856
8423
4485
517
1744
5664
3200
3499
4839
4199
7950
3105
7452
240
9985
1303
7646
2070
9448
6723
3628
6886
257
5146
2789
9388
8342
2133
7727
2758
7659
5330
4230
7390
8803
3961
5575
9613
7337
8520
3359
4464
5842
6700
7464
1622
8119
4779
6977
8752
7388
5790
3305
5390
132
7110
4626
1927
5993
1348
7013
2749
9482
5794
1910
8177
8976
1619
2515
5762
5814
2921
3775
6531
315
7905
3433
2656
5117
4422
4246
726
4288
6814
2065
4784
2737
6938
7391
4008
9367
7718
3275
643
4081
9933
201
9715
3384
5985
3137
2603
2387
1545
4566
5165
1187
4420
1668
4991
2765
9370
7909
4688
3780
554
8144
5862
3655
1651
8723
2108
6659
7735
4897
4322
9168
6521
9950
2418
6737
1368
3715
6934
1652
2259
8664
4893
8465
2604
6803
1763
8356
3769
176
6635
4251
4258
5222
5829
2129
951
2697
6751
2118
3682
9212
5310
5469
5724
3109
5954
4490
5784
5961
7224
8598
1722
9060
723
3226
4297
6709
8995
2565
5811
122
5847
6253
871
1863
9341
1152
436
3737
6144
6809
909
2504
6553
1437
2726
7180
9570
7906
3853
1962
3886
6495
3103
5194
1308
5571
1985
7856
2736
3912
499
3936
8929
1858
928
6768
6870
7851
3037
6817
9100
4796
6012
1569
8169
2532
1745
2014
9647
829
7035
9377
6775
6037
8954
2648
9004
8104
7074
271
4418
3204
1940
5346
8209
3759
471
5753
1315
6439
619
6459
8692
4224
9151
4877
2757
183
4239
5754
1233
3102
6975
9788
8284
7152
7161
6281
5201
579
2320
4992
9556
3026
5170
5239
8221
7841
7134
608
368
6066
6918
6377
2131
5463
8797
5153
5573
1392
2236
1957
5037
8477
2522
6092
6949
8141
536
3539
3925
7789
8698
1512
8581
9118
8250
6577
7951
4231
3440
4996
7897
5991
34
9027
670
2325
6351
347
8241
4798
7923
1675
1231
156
9224
751
1260
1673
2769
2772
307
304
8864
1034
8142
9611
8403
155
2314
1742
449
9381
6237
4167
8552
9420
2213
6799
9793
203
1407
8955
5007
3355
7434
4147
7854
915
3043
7257
5477
5270
883
8549
1692
7990
3476
5607
2307
9445
2633
5144
244
357
8729
9222
123
5946
4976
9594
1391
8166
258
7695
6952
7453
1623
1358
2300
9207
6166
8778
1583
7228
6278
5343
7528
5347
3377
4382
4401
2940
5634
8245
2483
5745
7555
3283
3008
5521
780
7298
1817
5322
3576
9457
2261
1073
7861
6398
4795
7127
2421
7099
8430
5595
90
3080
2367
7458
9014
7982
5867
5461
2914
2549
4250
2119
9335
7164
8709
3872
4590
1752
7707
4000
7130
313
6741
5565
3686
9746
6028
9138
6890
7080
3287
8411
3863
7462
2669
4039
1599
2419
9199
6504
4993
5175
6416
8874
6423
8385
7211
617
6587
3273
510
5632
9831
8350
5489
6916
1911
9771
5782
4407
6177
4803
8643
6235
6239
5552
2575
8407
6998
8590
4197
2295
8926
6503
8244
4116
9898
7456
1654
3978
93
8153
1775
5333
3965
7711
616
8968
8274
5404
711
2957
752
746
2205
4236
3443
5525
6578
9386
7598
5899
572
2767
7836
9744
1179
89
1049
4423
1672
9794
5434
4914
275
5678
902
3437
6625
9807
4106
6197
5556
8291
6661
1006
4716
8427
5066
2865
2727
5483
5204
602
7380
7223
8327
415
6631
3659
9578
9598
8458
29
9123
7019
6287
5014
6675
9458
4327
4125
476
578
4405
8991
9053
3890
3501
9262
9894
4889
6109
6664
4344
6137
2590
8289
319
7690
5324
5757
2788
5235
9142
739
5746
5169
9369
1872
6788
3231
4694
1242
134
2861
6681
979
6535
8132
5486
5774
2076
7688
8285
8966
9154
8736
9837
1676
5205
1628
2087
9663
2558
6846
5877
7010
4270
5732
30
4360
1282
7684
2945
7972
8214
9714
5941
7655
7355
9880
9557
139
4429
3751
6145
7052
7873
4849
2796
6085
4612
7537
9678
5554
4749
254
4278
3838
6032
1959
8766
344
2448
6107
8158
7630
6461
2278
9543
5765
6492
9889
4120
3884
716
1877
1816
1806
4855
6181
1541
9879
2155
9884
2368
4936
5567
4310
9241
7724
8934
306
9991
6088
2505
9645
4156
7304
4869
3191
6222
7985
6227
4932
5090
8960
8434
4896
463
3457
1795
9856
8924
7277
3361
639
116
3023
6247
6894
4394
5139
5364
3691
3852
7964
1271
2482
2991
2231
4764
26
4132
4704
5720
6884
9524
3602
5610
3028
2881
972
149
1218
3188
5846
2576
9607
1773
5071
9995
963
6701
5451
2355
4564
3986
82
4335
5677
3843
1283
3427
6397
535
8873
2435
124
754
9530
1526
4334
9115
1441
709
8793
3745
7475
9796
4346
6559
2466
2362
9633
7232
6978
8863
9133
3732
8390
8824
4546
8739
6256
6026
2816
8491
7942
955
1593
8645
8459
1474
2058
8952
3374
3354
4653
7221
1748
4448
5116
866
8212
1414
9237
5048
1448
7431
3401
728
1145
7928
7114
2005
380
1771
2281
4583
3650
968
4452
2535
7467
8858
1473
6588
464
7652
8337
1333
8691
8923
8036
3198
6201
8810
6225
2925
6942
8901
1719
4417
466
4548
3119
1934
6698
5118
807
227
3570
3797
7166
6686
2472
16
1802
7643
433
384
379
2442
6726
6052
2652
5414
9640
8436
7717
153
6434
5570
5384
4191
3358
7123
2152
5227
5437
4182
5768
9601
5473
366
7069
8038
823
621
1118
5639
445
3540
5136
5691
7317
1948
7131
469
5051
1269
1289
6589
2248
9983
7773
2321
5971
7853
6116
6859
6881
5331
6151
9690
3537
5003
878
9012
7202
5089
7018
791
5647
251
8232
1359
8093
1740
8029
6367
1029
5680
2088
2849
3057
977
9881
7362
6785
3823
8094
9337
3467
4185
5524
2081
1708
9328
3233
3388
1427
651
1781
3789
7668
903
7601
4922
5109
8696
961
3251
8501
9113
9412
9362
6910
4241
3367
6506
6524
9425
1732
3503
5921
2762
3378
3252
5509
8603
2134
1069
6677
2947
5081
6554
2117
174
1345
581
5338
4685
7842
2452
4833
1301
3772
3698
2444
7921
9778
2971
9466
4600
757
2347
836
4051
7005
2135
7422
6586
4858
5110
1127
4890
481
3998
3638
4606
4505
2675
7345
6940
3185
8537
4781
7901
4434
423
7939
25
9176
5620
8100
3439
4402
571
3903
4358
8437
5581
6780
5030
2877
1956
4744
8586
4159
2614
7692
2212
5070
9357
3811
839
8677
1475
1865
373
9511
2622
1944
7666
8910
6821
7111
1102
2830
4588
312
6204
2209
5093
3084
5984
2319
7241
7619
583
9522
2845
8576
9301
3170
1362
92
4260
5439
467
6753
8406
8076
4662
8484
3685
694
7459
8196
4340
5335
7803
5107
2658
1038
2282
7183
6188
1122
4925
7054
1398
2929
7875
9400
4729
8602
2253
8310
7071
762
5519
3730
7066
5793
6337
8010
6310
7085
8592
2168
2909
2211
5041
2739
4424
9071
9713
349
5801
2239
1395
1290
9379
9544
1916
8182
2989
9193
2342
7155
2106
1277
8756
7500
6500
2242
2659
8444
5683
817
2518
523
8208
6630
6163
7251
7188
8409
8856
79
9281
4259
4216
6924
9839
8015
4676
6184
9227
2059
3841
9305
7752
4997
1649
2409
393
7473
4531
429
1053
2230
9971
5594
6623
2439
5050
1184
5822
8819
1478
3889
63
3670
7075
3842
6160
6098
5717
2361
9731
8700
8894
6016
7350
9780
5320
3573
3718
9851
5799
905
3465
7076
9366
3727
8844
4138
5690
3922
3210
1369
4615
2023
2690
6538
7782
5450
9218
8365
4137
6708
3163
3920
1557
5010
58
5164
2980
4651
3376
2702
4655
8447
6519
5802
109
3760
440
3856
3601
7548
1578
3563
7059
2875
1534
3156
3208
6275
4681
8758
2102
8912
8500
9157
6674
1764
8355
8457
4126
5764
3086
4170
3634
3173
7564
8523
5348
141
4104
8128
7051
885
4088
1234
1495
2429
1538
8621
9322
8098
8159
4735
3118
6923
7156
8009
6905
6592
8553
2226
239
7759
9853
5904
1037
186
6895
1938
5163
2984
3463
7754
5702
341
451
8840
8902
3535
1334
3692
3728
9777
851
2595
5566
563
843
7775
7003
7184
615
8103
7479
1683
369
9300
78
5642
1525
5688
8490
9996
1869
8228
6532
1415
9908
8939
8079
432
428
2999
4553
3896
3336
8464
9395
525
2890
5098
8252
1157
6581
2930
5836
8676
8294
6435
5094
2677
7360
1921
9679
3815
3122
5196
515
3051
1007
7566
5217
9955
37
5806
7834
1424
5229
7525
3164
559
6206
419
5103
8607
8462
7037
232
9069
4917
584
3121
890
1553
2703
22
514
5527
872
9861
4982
8979
4654
5755
2139
8453
6350
5202
5356
7203
5911
8962
3704
1116
3108
8529
208
1203
1825
6104
4726
7556
336
1000
1759
5949
126
212
8920
5939
2288
4359
3878
348
4589
4171
6075
6604
3424
2799
2599
1200
5928
8084
8217
5800
3011
1499
5001
9259
4110
5738
7419
1056
5903
8747
4410
645
133
1482
5410
927
7996
7640
5861
6417
8455
4695
200
4041
2273
1645
9452
3953
7767
210
9505
2330
9307
8404
8980
8130
3339
3410
2050
1707
6463
3264
6172
9924
9749
7829
7632
4761
3020
1694
4910
7293
8313
2457
9499
7974
7002
3605
2268
5998
3590
6473
5681
8388
3707
8719
2406
6425
2031
185
6245
3782
1637
9230
5228
8584
8226
159
8175
5209
1068
3786
3893
9092
6865
2874
3389
2391
4962
6078
6772
1881
3451
9116
4345
7301
6505
7781
9394
7186
6364
2681
4602
2808
4480
9453
1268
9835
537
532
2995
1330
9967
6168
9520
3073
8266
2443
9946
6484
7620
6983
7508
5303
9467
9474
6077
8024
1812
1770
6208
4753
5306
4811
2154
7092
9987
447
6995
936
2645
332
1461
2215
8547
8544
1796
4535
2511
5550
8587
3635
3484
7084
6485
3242
6010
4176
6802
5339
1458
7966
1350
3240
9529
7753
4538
354
1317
7513
4721
5933
9610
3360
6476
118
4986
4820
4133
1532
424
3383
2145
7295
2825
550
7201
8996
4248
298
9273
6642
1686
3308
6399
9252
710
5728
4470
5062
6214
9591
3334
1165
3941
8787
5154
2423
7917
211
9345
9626
81
4396
12
5210
297
673
8828
9315
6368
106
808
1792
5792
1905
7058
1430
8973
5072
1681
1032
2962
365
7676
9297
3050
8401
4066
4337
4629
8990
6609
6836
3015
743
5009
7986
4099
7946
9042
7965
3761
5536
3241
6621
647
3372
7784
205
8930
7214
152
2056
19
3790
4656
9709
9348
5351
4148
5189
1871
4841
6840
6839
2941
9920
2275
8133
5742
5808
2404
6218
389
6744
8043
406
1785
996
6873
2383
2302
9684
8647
3494
9925
9202
5315
8707
9068
5818
4947
9508
7532
7036
7091
5532
862
2386
7430
4158
5653
5436
5355
3701
2827
8422
9896
4763
9211
4350
1890
1922
2092
9637
6096
8428
6888
5172
8473
8192
7372
6852
9077
6595
5372
5618
4286
2285
7687
121
2568
6011
4497
9973
7322
618
4291
4857
5124
9161
8334
6745
7783
5287
9689
538
266
9597
5769
5725
5392
68
1614
5909
9998
145
3906
5893
9048
5345
650
3048
4692
6714
6112
5078
3738
6203
3397
4153
2334
2394
2951
4547
1852
3983
7276
3835
6444
9350
3568
5337
2619
8961
2935
9776
9755
6617
4255
2592
6541
6404
8919
7206
6527
1274
311
770
1837
3779
2780
7159
4537
9046
7248
6540
3154
7374
5365
604
3962
2731
5791
6672
1351
5560
8597
3286
8914
1572
6831
1662
6406
683
7891
6374
5514
1833
9473
727
6083
1251
4530
5750
7323
6824
7673
5033
8449
5633
6755
1815
3631
2365
9472
5152
8619
1465
3228
6702
2286
971
2346
4299
6555
6904
4441
8671
4658
1571
246
5352
8414
343
1626
4017
7817
8648
206
859
9073
5198
5515
9103
5721
1514
632
775
6187
7550
6765
226
6006
3914
3529
8566
3429
1207
5484
7819
5578
2203
3603
6034
5701
3712
8255
2663
5668
1751
3675
547
2445
3182
3420
7625
2037
470
3618
5031
7948
3582
6084
867
5752
630
9131
1454
8110
2810
9320
8631
8989
6389
3350
7559
9294
5490
8475
1312
4320
6931
6086
8460
2686
4800
3263
3153
1138
2486
5413
5487
1361
8925
204
302
8215
4136
8951
171
2609
3491
9274
8230
856
3387
8270
9260
3502
3636
4184
3407
4956
1705
1650
1113
5669
1589
3190
8548
4669
2328
6703
4755
9086
1829
6600
4904
8078
9992
194
5140
6268
6365
175
6599
7616
3373
6790
8531
8725
6190
9108
2380
7165
1633
5226
5892
9768
7124
9809
9310
3622
5203
8111
5736
5231
4851
8037
374
8538
6269
3934
2172
9797
3672
6850
4068
2649
8231
669
5391
1711
7118
5077
9160
1417
8596
3459
1168
5057
7078
1440
1211
3595
1446
6454
4624
3735
4211
5176
7291
301
2034
4473
4201
5547
3945
4940
1191
8188
9867
9078
9186
5870
6154
104
9528
5549
52
4065
5492
2784
3412
4075
5186
8880
6251
1840
8048
7016
6622
4627
7772
5114
9586
3803
7582
76
782
8174
8189
1516
2601
5398
4965
2184
7763
4558
4748
769
7116
5156
3865
7168
4160
3124
2872
4907
2326
1055
803
2520
8397
477
7494
4949
1895
1498
4960
1517
2741
1322
2025
6027
922
7993
6779
2254
3902
2793
8099
5237
4679
3937
326
3526
4868
1995
8431
371
2083
224
438
7083
4108
2573
2579
5987
781
9180
9683
8070
9095
2323
233
7944
500
4209
1346
7307
637
3083
5256
7712
4768
2707
1364
3245
8872
748
288
1607
5820
6328
6321
3468
6944
4077
220
7197
4743
5587
6722
2202
8321
4532
4488
5399
2859
4948
3010
2611
1758
788
9229
5546
6170
8123
9638
7346
2147
7809
2165
8368
5730
8888
3956
3802
3299
7898
8601
1275
2311
4276
5178
1123
112
8412
8016
3303
2141
6341
45
4283
4235
1402
6250
6415
6719
7299
7001
2988
253
2544
2109
4950
7194
6395
8580
501
3808
8065
2687
6451
8611
9277
5286
1580
8839
1378
1276
3168
8978
4792
5091
1183
729
4150
4463
9564
1075
6200
9016
9608
4131
2089
6317
217
3112
9915
504
5694
5925
8442
9968
6861
4751
2701
6114
6758
5299
3177
5453
7832
48
6298
2
4775
3330
9125
8213
9877
9648
5100
98
994
8614
9102
1568
3566
3658
2695
3290
1554
2160
3549
2510
5327
2167
3700
3647
2670
1704
1052
3232
7175
6820
9624
957
2847
8886
1252
14
718
9876
1400
3750
2220
8391
5294
7521
8665
6173
146
5049
3087
4055
5251
8408
6252
2136
8644
4608
9980
8862
1892
6349
6911
6330
8349
3064
6021
8937
5608
3960
4384
2593
3804
983
3900
3505
1338
5913
5340
9481
1033
1164
3106
4368
6191
6264
6794
2950
4728
4489
1914
5854
7062
5807
2293
9770
7672
6990
1112
6265
5617
9035
5187
2373
1464
6526
2905
3512
5758
6853
1620
7177
9283
2470
2001
2277
8138
283
7611
3269
2051
4801
3984
3311
2366
299
1376
921
2898
1535
6615
1436
4959
5661
5789
5180
6781
1876
4693
5590
5462
857
335
7798
5934
7716
5907
5475
811
5491
3552
7802
1527
7389
282
7874
65
1761
7715
1015
3447
2190
3229
9696
3778
3132
7297
6094
9892
9580
2200
3005
2197
1543
7302
5884
5748
997
7591
6387
404
6582
4967
4789
3435
8236
7788
1107
7371
294
3938
1176
6099
2798
6384
5833
6671
2416
840
1443
2107
1281
1932
4444
3461
1699
4354
321
8746
5245
802
4237
1615
4783
8688
9112
6388
5965
125
8071
6490
7904
8170
1089
1741
9720
5916
4592
7823
6303
9447
2698
280
3375
8859
9951
137
184
4186
5809
3544
1318
7079
6046
10000
8239
2763
6073
3492
7403
8594
5897
5181
3469
1576
6611
9919
5019
5585
7780
3201
5208
1383
8081
4888
1828
86
9011
8804
6748
6238
8504
9162
1879
5919
5441
2857
4536
8248
636
9982
4539
9143
6718
6921
2523
9631
2130
7852
9062
8418
3904
8795
7710
7791
6762
4734
6815
1952
8032
7225
2965
4347
9270
2843
3013
7685
5289
6195
700
4725
623
6335
4005
931
9542
495
426
6362
8542
1185
2358
4252
8022
6045
8194
8867
6224
3370
3035
9805
9792
6749
3160
8293
1601
128
5328
2606
635
9174
6089
9769
8798
5718
9734
9279
2022
9549
5850
9558
4773
8275
6465
2178
1866
7889
5288
5174
5383
4973
1382
3490
7517
5626
6610
8646
1202
1577
2061
8114
1140
1253
7828
4166
5396
140
27
9759
6082
8311
7614
3959
2375
6769
5715
2850
8649
1158
9994
4915
5395
7466
8472
8089
5707
4071
8224
4518
6522
4022
7305
9438
4534
4711
5425
9498
9846
5713
4312
9208
8049
4863
881
6366
339
3152
3248
9754
5040
2536
2156
2392
2630
387
8660
4245
6390
1226
7267
1250
4029
6598
9662
3276
8794
2837
292
1080
5460
9519
3955
5318
7218
7117
8014
3625
8870
8271
7622
7514
9943
3624
8892
3257
7469
4642
6808
5183
7169
6329
4500
8784
308
7029
756
2993
2237
8738
6528
8527
4603
3667
3237
8045
6183
4636
2879
9411
6782
4549
6585
3585
9667
8783
9021
6477
7497
6039
8025
3471
215
9671
658
1119
4621
6307
7553
5161
2424
2983
659
9841
2438
8357
88
7665
4710
9814
1117
8965
1329
9717
1081
8829
2157
3129
4944
5291
4878
8471
2313
7647
8369
3943
9119
879
8816
926
2867
9691
4551
1210
2745
1803
1228
4163
6044
1597
1801
8848
6419
3155
8512
7275
5274
9829
6019
1878
3818
9773
6845
7835
4195
9106
1826
256
6360
672
7402
8384
1439
115
5576
9656
533
2461
8732
4193
5445
2759
7128
6153
3393
2144
9751
7963
6283
9693
5704
3282
2507
6352
8838
9800
7427
2776
6566
9144
7357
1199
8927
6401
9890
4149
4285
4002
8762
4586
1126
150
3654
5199
6925
6960
5596
7158
7509
7636
2958
9332
5543
3713
2934
7043
8740
8918
9834
4521
2120
8421
1377
2895
9918
7919
7319
939
9979
1272
7770
7239
9785
2297
1638
6480
2647
4272
8564
9738
9978
427
2700
1039
5786
8627
7749
6512
3309
5151
303
4446
1591
3971
1666
9617
8317
9216
5280
2224
6135
6887
4866
7470
7364
9291
1121
3708
5613
9312
6560
9134
4513
9907
9190
4190
719
6411
7373
8013
4527
9196
6732
6255
1907
4975
9289
9658
6156
4437
1236
4809
978
3405
6804
6655
2834
1977
2646
5068
8233
6982
2006
4906
4524
4107
6760
1040
9132
1244
6650
6757
8218
9288
3530
1496
5968
3950
7129
9324
173
4220
7907
4427
8281
3699
9516
8684
3596
521
5293
1044
5133
2717
1249
8413
2626
4927
2615
1941
2714
1327
4007
6694
8843
4014
2795
1822
3558
1196
8246
8320
7463
309
3497
9664
4582
998
4179
5945
6370
3157
725
6111
1658
7885
5129
2192
2613
1022
9401
8139
1072
2931
524
6263
6801
2289
690
5714
6003
2146
1756
9232
6456
1978
120
135
6634
3482
5429
425
91
6284
9080
3227
4226
8900
7886
392
9403
6571
3061
1987
7316
6583
5839
5631
1050
4468
7483
8705
5722
5192
3404
1588
4620
328
3681
3217
7457
3313
4172
9944
7348
8879
7106
2716
9257
6716
3146
5312
609
4023
5922
6100
759
342
8832
3076
6409
3038
8790
7880
7442
5593
6950
9635
2553
4379
7031
8893
9373
6547
7485
2976
7281
8488
5977
3511
7983
4821
4309
8204
9430
6812
8396
4873
8612
8502
2926
3045
1521
3989
7895
5080
7150
1241
8324
6469
3784
3053
1961
2747
5600
7288
5975
4003
2742
196
8573
1161
3832
893
1497
4846
4771
1982
7284
7558
4374
7769
6472
1120
9140
9804
2684
3296
4765
2530
8800
267
6608
8818
9536
4454
5845
4971
18
236
5641
9036
2036
7034
2821
6064
8017
1293
9058
9612
1520
2586
3770
6826
7546
7706
3542
9349
5496
5670
7414
6326
5028
9402
9023
4404
2262
3141
6893
3167
4968
5503
4861
4445
6841
5591
2718
7243
6131
9817
7837
1017
4634
8687
4192
2246
785
8822
7038
6730
1265
7959
5087
6712
7136
5640
4352
3363
8470
7742
6055
9454
2651
4780
4705
2399
8392
9546
4622
3643
1831
9737
3434
9623
3981
2497
560
2634
164
1429
3836
5637
907
7041
142
4848
3506
9582
6405
3148
4502
5086
3871
8003
7764
8340
3480
3969
6496
1284
2699
5311
2125
8982
7602
2899
5122
6563
4599
1904
3016
9354
1693
3158
9137
5321
2869
3847
5420
5937
9699
3891
5054
4154
940
2805
5530
7740
4902
2169
2086
9254
8617
3813
4238
7439
6420
8791
8522
8377
9732
6558
2413
9945
4277
9184
9382
4597
6186
9156
2923
573
1735
2501
1093
414
528
3793
5499
845
3792
9255
6192
3776
5504
7436
7902
6413
805
5931
8606
7382
7549
4766
2122
9189
4785
7877
753
8653
3486
5290
1212
8497
7912
2800
5974
1388
5522
8906
3116
9148
6437
7491
9415
7918
3848
855
4719
7971
824
9416
2000
4556
7838
6551
6537
5878
483
8967
5555
1267
3234
4637
3729
1491
2787
7425
819
7141
4139
8635
7669
8137
5880
5955
7234
9470
5401
2884
6004
4984
9461
1897
8178
1688
9812
8276
8187
6627
273
1456
1739
2359
947
9921
6770
3475
6126
496
4123
6431
877
8387
7680
9827
2519
778
799
6369
7477
973
4096
1270
5735
1727
9665
5281
9748
8278
5741
5336
7618
1887
7661
8945
5406
1834
7999
7471
8887
6157
4036
1235
2427
5498
4414
7714
5969
1702
6806
5332
6331
5665
7890
2688
3060
1217
8451
2364
6965
8087
760
3221
6935
4686
4293
6552
1151
5248
9037
7137
634
5926
2024
6342
2104
9008
3236
1843
7142
8981
94
6764
6053
7154
3807
9010
9150
1835
3380
441
289
3123
8626
5191
402
527
4617
7151
2339
5454
4300
8440
768
981
2207
9409
2329
5655
4814
9471
5781
189
7300
2624
2911
2719
4060
7170
589
1867
5319
9072
1419
3660
5606
9091
6220
6345
7162
1057
9502
8563
3003
325
887
5000
2091
1990
6961
3422
9135
4178
1070
558
7511
6936
794
3312
796
5624
2447
8637
3575
2382
7250
4759
5374
2008
2492
5896
6358
9070
2794
6007
3599
7608
2381
260
2982
8623
7190
9364
3091
7888
2100
7359
7369
1546
4412
9823
5326
5756
773
6394
7704
9901
8636
3895
8935
8883
9339
3963
8400
7273
489
2296
7924
7979
9449
8050
5423
5848
4477
8615
7065
4416
625
4457
5583
7732
1438
1405
4456
8186
9052
8319
3717
3598
1160
5888
9965
1412
9630
9067
4778
5943
7597
5421
234
9572
1807
758
598
4559
5967
5053
7263
6309
9413
7557
2564
8875
2927
4802
1285
5507
8446
7121
9233
5559
8069
3246
1643
3668
2585
9019
6304
7968
9726
8131
3113
453
2774
5468
9569
3607
4366
6663
4665
7689
3731
1519
7644
7468
2400
2335
7171
9745
5197
1565
2733
1091
9179
2839
9512
3331
3018
105
626
1500
2258
5785
2090
8639
980
7314
1142
5259
9675
7393
7493
1774
7702
7911
462
9493
835
9826
8030
8332
580
7135
5148
7278
9352
7657
1587
4375
1186
6954
4938
480
8193
1697
4835
4657
5826
3845
4263
6933
4215
7237
3382
2509
4885
6296
9825
8931
6024
3514
8348
4011
8309
3033
7087
1372
8183
4769
6624
5074
8672
2720
4702
526
2554
2627
4275
7607
4690
8609
5236
4836
1294
8064
4031
4724
5646
4596
8496
6211
1508
5660
8570
5147
1406
4451
3604
5979
9757
6603
5731
932
4817
388
4831
1240
6834
1341
2710
3645
8656
2880
2708
8640
7193
5838
923
1035
218
4274
1045
6565
5510
7198
21
8002
6680
7915
8808
2333
1728
7242
7849
6902
5986
2341
7377
3894
8558
5803
2084
5898
4990
8842
1600
7022
3289
6721
8258
8360
9836
8127
5787
7590
6513
2114
3426
6833
6668
7308
7565
3455
1404
1111
5981
2143
2992
9248
5432
3806
2738
7677
7254
6652
1946
6499
8761
1343
5708
9094
4392
9251
3344
2111
2487
2661
614
2829
9575
5350
9236
3831
2356
721
3555
7324
8659
2437
7844
8514
5495
8125
2692
9198
7868
3449
8126
1484
8105
9433
3897
2955
1776
1923
2844
4140
4061
1848
4578
5214
4699
5478
937
6483
5638
1966
1709
3646
6637
8513
9895
5417
9465
9639
9228
984
3846
3888
889
2559
6543
9937
4012
4357
5128
7423
8704
2655
9929
6507
9848
8074
8067
9210
1155
7552
4770
4103
8610
3292
2506
9706
378
6773
2274
4203
7126
9701
6219
180
7806
2026
7641
4966
5966
7543
4181
2920
4741
8300
9244
9725
2910
3453
269
4887
6657
3326
4750
6561
9888
4933
5416
487
8243
7444
2944
3999
987
9054
6005
1442
950
8964
1891
595
8724
1698
5651
8200
9127
5200
3942
7112
831
338
2159
6489
5605
8256
4529
7743
2113
7822
7953
1476
737
2349
9721
7825
2038
6327
660
2786
4438
8061
3873
4913
4097
41
7943
6591
9988
7311
7047
9551
1154
2785
7361
400
3543
5643
1261
9253
2924
6710
5906
5378
865
1051
6943
4001
3933
4712
8487
5828
1902
8629
9436
4628
8992
3509
7352
3329
8620
2348
2674
5064
2191
2892
665
6022
8624
4870
4064
3716
4194
170
2846
8034
6692
6372
2753
1349
1766
3970
3764
722
3921
1136
9682
4930
2232
9221
6648
293
8386
1449
4304
1471
6259
5623
599
3703
5387
1031
54
4043
8041
1726
3990
6169
7761
7433
9625
6968
100
7428
8068
9421
1110
2193
6029
8616
7392
1280
2048
8184
4630
6049
6544
6792
2485
4805
8450
6928
3825
6311
5529
223
5859
8593
5500
6777
264
2082
8489
6319
1968
9245
2067
7584
3593
9313
9371
3574
5938
2797
2468
8469
3556
5043
4378
5548
1780
7048
4222
3996
2238
8898
4812
1088
6378
9355
7624
358
7157
9882
2723
2503
916
7072
1472
6302
9708
8913
5039
1463
43
5895
3345
1861
7850
8117
2478
3862
9820
2868
4204
2963
8508
3988
6669
9567
9242
2952
8757
2142
970
2227
8058
1096
1087
6407
5017
7396
1401
9700
9521
4663
9525
1009
8519
3791
1336
7538
5369
3985
2395
281
4697
1003
882
4544
1695
9850
6396
1540
9674
2533
7664
5376
5493
7871
7146
5314
8402
7562
5004
2043
1942
9838
8708
1899
4517
8415
6602
6060
9786
9487
9231
1310
7104
3183
8091
4512
2773
6040
9432
7394
9469
8701
7270
5865
8482
3749
5679
7523
3967
8831
816
918
1367
3854
160
7949
6651
1219
3187
3203
9622
849
3250
8247
4876
4506
7328
2221
8663
7697
5533
9459
9317
7109
9359
4431
430
5697
7501
3446
6091
3431
8830
9455
7008
1900
4095
8853
5821
3259
6724
6371
5363
4323
2458
1992
4070
7649
3651
3899
6336
2431
9018
2189
9074
4189
9609
5219
7050
2101
9940
1046
458
9813
7580
1492
1913
3340
2732
5872
9121
4934
5950
1767
8394
3679
434
9620
5645
209
8351
603
4028
7336
9589
4432
4661
6579
1195
985
2322
5885
6273
5988
4684
6830
162
249
8344
9426
4080
7133
214
2011
8381
1319
352
7207
6334
1841
5534
9303
3316
278
4713
450
9013
4351
9526
6754
2848
897
187
7936
9217
740
2569
85
9559
3337
8033
960
7285
8435
4025
8056
2922
7044
7039
1259
1078
3399
55
6134
7821
6438
3462
8878
9676
6874
6018
2318
4443
2970
7896
4363
2863
5111
3192
965
7576
1201
1590
8363
834
570
3619
3365
4381
8805
8837
6632
5193
7747
5700
4324
7997
4972
549
3024
5501
9883
4318
1894
485
8712
1064
9326
815
6597
591
2878
296
3357
4980
6023
2446
6193
4391
6322
2643
2411
1114
7594
213
4462
1753
9104
801
5709
108
1170
720
6291
2528
7006
6155
5024
2779
8206
6294
2079
9081
1611
2584
9654
9263
3689
2547
8280
5224
4073
5044
5433
71
2812
5230
5574
5996
5271
652
8341
7650
8
6912
825
6948
7379
6174
3972
51
8683
3042
8972
1859
5366
3159
3520
9450
7119
1488
8595
4090
8922
4135
1090
8176
6807
4175
930
4009
3184
7231
2826
7490
3875
3288
1993
2363
1896
9017
4398
809
5980
8210
8807
4478
4091
9750
7635
8405
9510
6462
3644
461
2436
8599
7014
5257
7115
394
5440
7365
3281
8429
2608
6774
4847
6115
3522
3470
4974
1873
1808
6981
3765
6574
9146
7846
5711
4316
1408
6161
3528
4271
4034
4152
3693
6344
9422
870
8908
8277
1092
2267
3065
7604
9468
9952
8234
5775
8721
3214
2046
199
4772
993
3510
8890
8511
3796
505
6825
2066
4609
7731
964
9488
8577
8768
390
6455
3406
2049
8742
8080
9783
334
6816
2893
3391
3592
9392
4758
8770
5759
1169
4616
1656
6915
5564
6593
6605
9687
4469
4872
4520
3195
9038
5654
1379
2771
6285
4957
6992
7125
5740
8852
9114
8521
6666
4499
6262
4958
2467
3249
385
4845
8748
2756
2807
9031
5629
9325
2704
2819
497
874
4999
9864
5703
9492
755
2390
1370
511
4483
6474
7756
5249
6863
2299
2116
3819
1411
6470
4942
7205
1846
9810
6838
8202
4421
1986
2678
9219
1486
6819
7272
8118
611
6410
7196
4985
1884
9723
3197
1906
3507
7866
4069
230
9669
1883
5497
3637
5380
2942
9764
503
9893
4265
1670
1215
8201
7020
413
1263
7612
6412
4244
3403
6379
9646
75
1715
9868
8907
1979
5866
1680
3362
9407
531
6848
7833
2035
9930
1021
6025
7268
7261
9220
3328
8425
1888
8145
3580
2711
687
7209
2071
1300
1743
5273
1124
3368
4476
2791
2217
3879
9044
4640
6031
6182
2873
7627
9483
3748
8699
9090
5611
3968
2928
8095
1786
6000
4433
4027
3781
6917
6002
168
9695
4504
9636
1558
7961
5418
891
6660
8432
3785
6629
179
1100
6958
2336
6375
1063
3133
53
6945
4168
5349
7578
5449
2214
5761
5142
4952
4325
7245
6013
5995
577
3521
8199
8884
5915
8106
9629
6813
2422
3346
7
7229
1146
2015
5262
5662
1139
3117
3755
2247
154
4426
1355
9722
7617
4262
2228
5609
1502
8654
5572
8988
8389
5957
5246
3957
9688
3724
1026
7670
2257
8438
3477
5553
5795
7554
1479
693
3058
2891
1005
705
4700
5297
6533
6068
8290
5244
4641
6896
3009
8129
7474
3209
1221
6233
3850
5890
5856
4675
5279
745
3550
8642
715
5171
696
2496
6673
2653
3917
1216
7726
7411
7349
9299
1983
3747
6810
1511
2967
1855
5778
8697
5767
7722
5929
4229
3130
4474
7335
854
2032
5188
9064
7638
7398
9117
8072
8774
767
7899
2916
3280
7883
8655
1783
5972
7568
5254
2972
4052
680
4804
1409
1513
2571
3801
1736
6015
8088
6979
3144
5832
3408
4882
8249
6957
6683
4388
87
382
6159
1167
2854
4787
2112
7046
8854
1135
1239
5788
61
5305
5831
7799
707
2185
5296
610
7771
3678
3320
6424
3695
6980
7138
3545
2054
5255
5234
4777
7824
9642
9705
5917
8035
188
4561
6348
6121
9175
9634
6791
3733
5282
3669
9213
8969
941
4921
5685
613
5361
1564
4989
5362
8474
9643
7989
3352
2644
1206
3754
9282
5046
735
4756
4305
4823
6899
9351
9815
8151
1604
4799
833
8297
3366
8730
2494
8191
6550
6997
5857
2121
5470
1851
417
7830
3150
2284
6738
3215
6445
8077
474
3111
8938
853
5684
3343
6243
2180
917
2357
1423
8909
784
314
3594
4342
4977
9957
6573
3478
3839
5026
8823
3517
1779
2734
8272
9821
1307
3774
8240
8986
9619
4367
3258
7660
6217
544
2696
5269
8950
697
6715
2712
9913
6354
2560
9203
3271
8478
5973
8211
7859
2480
4173
2371
8556
8539
5284
4188
2495
5405
8347
6545
1082
320
9972
3100
9702
6941
1421
7681
8361
5586
4393
6320
4054
6108
4696
7315
692
3464
4048
4747
7654
407
7230
8007
5819
1635
9296
6123
516
9076
6999
733
8970
177
6689
4385
4389
6963
2272
2199
9183
8541
2256
7030
8366
6270
3919
7992
4472
2182
2481
4183
8299
9697
9547
9240
6240
250
6871
1754
9627
1809
2689
5666
9209
8452
245
772
4760
2188
2623
3319
4458
6653
8253
9922
5272
9703
17
2792
7737
191
6667
9866
6939
4898
2840
8775
6956
868
1963
2673
40
2889
1232
7609
4371
2021
2751
7269
7860
367
113
4221
1422
1469
712
6418
1627
6312
6786
6989
7900
7246
7592
8322
7804
3413
6767
2095
3161
7820
7149
5063
454
1555
9781
1551
6875
2596
5834
542
7887
340
9789
7815
1647
3423
7481
7258
7416
990
3066
8921
4790
7787
9271
1041
9774
1190
7683
8985
4130
1659
1061
8109
7240
9976
8219
7405
99
3924
3663
7931
7290
671
1573
6729
5804
6734
9533
6199
8809
4555
3977
2594
3812
814
2906
8364
5292
2813
1296
7187
4471
4336
2597
3892
131
3898
1989
7408
7927
1945
361
1162
3448
7698
8112
4818
8710
5084
2667
7009
3565
5011
2454
9840
7153
9661
6479
151
9172
7026
9003
9292
2574
8868
5023
6972
2331
1924
4296
6241
4815
2290
117
2974
731
869
826
3489
3268
6061
1313
3710
9756
804
2600
1750
2943
6883
8814
3430
4165
3390
2529
8370
13
7502
5874
1729
9204
4301
7375
8492
6442
5695
8565
8267
9000
1147
4673
2817
8379
64
2650
7746
508
1380
7341
7446
7600
5300
5247
7910
6823
3034
1762
3586
1889
7102
274
4757
9605
9309
7204
5358
1768
3640
7845
8006
7045
4264
7339
1205
4261
8690
6323
2912
1504
3591
7588
2882
3070
2428
3834
8526
4565
969
6452
4098
4040
8235
8881
5760
783
3260
1721
2556
9938
3496
1584
8156
7040
4731
7962
3069
6662
9590
1104
3617
2552
9495
1132
9321
509
5601
2748
568
465
7212
2099
9535
1450
6529
9932
6142
8207
1396
6189
3944
2462
2249
2150
3966
3525
7108
2052
6837
1425
2842
2665
6793
4093
8483
6117
2908
7547
8082
5914
101
2354
6074
713
4049
3676
8150
6213
5692
5920
5264
2407
679
5942
519
9806
6725
4638
2936
2966
4573
6699
5442
5258
5467
8499
3300
9555
6970
763
656
4533
9977
8869
1130
4306
2402
8533
4541
7967
1528
4298
7629
6930
3127
5476
4970
2996
7516
7120
5568
7736
9389
2660
5159
6272
9576
3381
6274
3844
3994
1366
4155
2824
2039
933
2201
695
9632
3265
33
2317
4313
4838
2370
9775
8737
2040
2385
6947
4059
6215
6646
6697
8630
7070
3742
6093
9964
4117
6290
1220
4825
1264
8264
5582
4884
1410
2301
5837
8728
5360
202
8097
6257
2177
6133
2517
8799
4791
7920
9652
6795
844
4550
539
6359
4689
4479
4987
3074
988
2841
2471
2572
3142
5400
2607
6497
3763
6205
300
6494
4571
5621
346
8004
4494
1930
5840
9644
1542
6612
1489
1566
4164
3744
4595
6400
2750
3295
1747
7219
7437
4842
3255
1108
4560
7448
1311
900
5354
9752
8121
4180
1163
4746
4717
2028
478
6299
193
7960
7148
8734
1970
8717
2162
20
5935
9905
4030
6158
7929
70
2531
1316
9729
8638
3092
2998
4832
7191
4377
4109
8273
364
8689
7447
5092
8302
1853
9496
1667
2744
8711
1718
7776
2975
5385
9537
4645
4614
6147
8395
4625
708
4864
1613
4187
5958
9541
9066
1917
9900
3753
8877
8420
7805
1657
1882
5115
491
1128
6900
4214
7027
7932
7751
8393
4739
1595
3017
1451
9170
3913
2350
3216
261
9497
4015
5032
1223
4714
7779
2913
4253
4403
8735
648
9285
582
9741
2589
3274
7626
5918
7755
5687
3569
5883
9120
4329
8261
1631
3666
5948
1460
2948
7000
1262
3684
6866
1581
7864
1561
1608
2783
316
8760
9822
7663
7581
5304
8238
2218
5540
8833
7032
2946
8416
8028
3546
2374
7741
3149
3101
1194
3243
7174
7894
8259
3652
6644
4854
5126
837
830
5953
952
6436
9083
7605
8885
9025
3220
47
8680
2324
1224
8958
5379
1640
2007
9462
5970
5435
2990
2161
730
9375
3415
6735
6067
9239
2671
888
9685
7533
5827
4981
798
6548
9344
5167
4364
3995
5614
6216
7064
904
8716
3445
1042
7318
4954
8399
520
1860
6926
9765
1661
6966
2915
391
6750
765
4579
5506
3653
1997
1481
2715
5798
6601
4365
2979
484
6867
238
7980
262
8813
6676
8419
1181
5706
6467
4449
9195
1433
6614
594
9173
3736
8222
9258
2280
8134
6872
7800
7991
7407
5428
1024
1603
3131
4786
2605
8835
9177
460
8237
6693
4302
1696
129
9728
4828
8054
9515
989
6678
4916
8461
4937
9795
2270
3929
5797
6805
1560
4428
3820
3318
9126
2292
507
5095
9828
2790
1951
2818
7312
7840
1062
235
1222
6127
411
7758
3135
9579
3757
9163
4161
4568
4752
7542
5278
8173
386
910
771
5823
5604
3548
6228
6391
8185
6069
3172
3239
6518
7199
3402
9166
8165
1755
7786
3301
642
9830
9657
5179
3559
9246
8044
5851
3721
327
8382
529
4528
3641
2132
3441
2376
5780
1325
6430
5206
8801
4659
5415
5221
3225
530
4720
2098
9621
2233
9098
4491
6403
1842
8223
7401
2251
2832
8456
4319
6132
6076
662
7189
3458
1639
2020
8335
7421
1562
8641
1678
2283
5947
3067
8216
9346
5108
2954
8847
8571
8102
8011
3809
9573
4652
2534
4460
9050
5726
3515
8781
982
9110
6844
4162
7855
8162
7385
9666
190
1598
2755
355
5127
197
6276
6640
5962
9030
7274
5523
6167
9602
8362
5388
7768
4442
3630
9931
7507
7903
130
540
749
7461
9917
9947
7264
84
8625
6746
2260
1397
8569
9185
8160
148
8861
3564
7596
2814
8124
9859
6493
9327
6286
8669
4129
7510
4145
9318
2499
9029
1991
8562
4053
7415
3513
5505
9904
3615
5544
2811
2060
2524
7334
6033
3298
7406
2094
2901
1530
6704
6731
1447
5047
5699
8871
3165
5480
1579
4507
7720
8336
8574
2473
2440
3386
49
3705
6071
8613
9045
1827
3671
9916
7060
3454
4461
2709
9319
1298
7812
9735
7930
682
7413
1387
6706
886
2621
7998
3589
1297
3951
4219
1854
6180
5112
3851
7956
4853
2477
5250
9055
4543
8540
4969
5466
3500
9201
5622
9712
2179
1653
5749
69
8055
5539
3519
6752
2543
4826
219
9948
7432
7287
3400
7327
2279
7271
9480
6301
4632
3315
7570
2016
4484
6179
1011
2310
6728
786
3411
1862
3495
1115
1630
5875
8096
6860
4738
9065
2265
161
7958
8445
4593
6297
4205
2610
6105
5729
3907
5671
1141
4542
5185
1730
5682
9832
2815
6906
7435
3145
2561
4860
7577
761
8658
7933
1586
6432
1144
1287
23
9451
9912
44
6347
4032
793
704
9164
2933
5627
9852
3267
5863
9571
976
627
8152
7351
4105
1733
1148
7778
7766
6356
565
4953
4703
6035
2041
596
6429
4062
6447
1509
1238
5325
7628
7653
2557
1002
252
1036
6292
7340
6879
136
644
9517
8815
7530
3000
9762
7879
9596
8846
6636
4287
6101
6009
4212
4926
1724
4961
612
9704
995
8849
2548
4408
564
6282
3958
3456
9477
5932
3606
7451
3870
5135
3138
7969
2474
7882
2602
7935
2072
777
1320
7934
5424
7937
7289
8957
4569
4010
4174
3371
6665
2676
5563
3656
6266
2338
638
9761
4295
3322
4072
7292
9772
95
405
2636
8498
3306
9022
4587
7259
3516
166
5444
2196
3696
6125
7651
3864
225
6855
4875
2902
5580
2093
6207
8718
4144
7296
828
4339
850
5079
1101
6857
9334
1714
7303
8882
9873
3179
7443
359
5830
4399
5816
5675
3284
1066
4955
7410
1778
9111
8373
4415
1393
813
4647
3859
9659
3487
1188
9790
7429
1737
3291
7017
2408
3916
7378
4707
5733
5275
4576
3213
7656
899
7450
1799
7760
5657
4687
666
929
1636
2140
4909
9791
2932
7587
2183
6828
9109
2541
6277
1399
5422
6620
2187
270
7286
8304
6244
7368
9049
2171
4605
7947
8753
5770
8588
1352
588
1634
2917
7801
9323
8946
7418
7028
7792
6909
6619
2985
1001
7053
1129
8220
4223
3262
8085
1305
6293
9935
6383
6789
4562
7914
6569
3756
7294
7449
4742
4330
3829
4004
2545
7575
7679
9560
7729
6146
1625
263
534
1960
2964
3
1097
6626
9739
2498
2305
9063
455
6858
3616
9214
6973
1996
4522
5598
3054
7363
6466
195
1703
5990
3534
2433
3483
8516
9986
7420
9730
9923
4112
8741
9618
2820
7179
8378
8439
7356
1836
864
2851
4883
2782
2123
3151
9875
7674
556
9404
9681
4268
9024
6128
5223
4879
8605
3194
6811
9758
3805
408
7527
9649
6460
9456
9849
6305
6475
7847
1192
1457
5285
9984
157
9865
7233
8983
8154
410
1594
1204
7574
9009
7088
6556
5232
8181
1357
8850
2693
842
6868
9782
1027
4683
8282
8693
6118
9565
5446
7518
3709
6787
7213
3719
8714
6102
1671
7785
6908
3032
6095
5930
9089
6892
2372
4807
1150
3425
8876
3702
5599
2244
2138
5012
8662
1682
3302
2937
5562
1958
6641
9178
5976
9686
6584
4793
562
2997
3136
8568
5427
1712
942
3940
5900
2243
1793
2085
9548
5557
5215
8063
8383
8426
2455
7007
3758
6951
6835
1925
9247
9561
1109
8242
5812
9342
7571
6889
641
6891
1610
4891
1375
3822
9816
4146
8262
8116
4951
3398
2490
7610
1975
8561
4328
4409
4372
9188
8485
5512
1684
144
1947
3481
3244
4356
1077
1805
4341
9308
4046
3223
8073
9668
6008
3046
1247
8288
3817
5408
8108
6486
3278
1099
3206
8999
7955
5676
2977
8555
6392
4
5316
5924
2555
4643
8668
663
2973
1928
6778
1937
741
9857
5018
2526
2641
4639
4141
5240
5381
7012
324
8140
1929
944
96
8180
5771
3351
4466
9801
1403
475
1503
9845
7139
3139
1507
8008
4709
6733
9298
6229
5253
6178
3176
8932
8354
8765
7376
512
2166
5905
9902
5776
3975
420
1874
6324
6869
738
163
6315
8027
5045
3104
9105
56
6194
2174
8949
6130
4142
1918
8604
4794
6628
4202
4308
5302
7049
9286
852
9975
5659
2746
5042
9897
2010
2124
9206
6050
6036
6443
2694
5268
2887
46
9673
3338
7192
9331
5849
1353
5824
7623
5034
8509
2853
3979
5531
8940
4635
7265
3285
2724
1028
2986
1539
6567
1972
1949
172
1245
8020
629
9093
548
8301
9032
6231
3788
2128
5652
2017
2894
4567
8161
6971
4918
9989
2352
2743
3905
8806
3946
3620
4963
1823
744
8333
7721
9020
1765
6525
8018
894
2252
7563
5025
7686
7642
1085
6065
6450
9442
714
3347
3980
3166
7994
1936
9507
8632
3974
3414
9974
7884
8172
4892
914
7021
7081
3858
2389
3798
8448
4279
1286
2588
7807
3044
7637
9475
2885
7098
4945
4552
4387
2752
3547
9872
7793
4611
7333
3327
2198
4074
5796
945
9165
5382
8374
2567
2961
924
5403
4234
8155
4157
4581
8866
9152
832
8722
5744
9368
3885
3816
953
8515
8146
607
8039
5674
7094
15
5096
5166
8107
4856
3218
6520
4124
9149
4745
4723
9249
5978
8608
1153
3926
6849
9479
7476
6221
9538
1434
6081
7648
9225
4349
2013
1012
2770
7488
8820
3739
9563
9419
8679
1810
9408
6696
2685
3438
3261
2343
9329
5886
6862
4056
10
3488
3694
7606
1094
4631
8005
4682
9374
9595
1373
1030
3931
1788
7691
2938
7795
1133
7370
1797
7068
8062
2012
9484
1326
3531
7486
4928
7579
3633
1435
6798
1893
5317
6739
36
4100
8941
7526
6338
4208
3349
8312
3992
3657
6720
5751
1953
7738
5901
5951
7524
5088
182
3072
2255
9960
5307
1227
4941
7599
7539
9256
7472
8788
3632
2309
3987
8053
286
3690
7024
6682
9500
5853
1915
8971
9136
3147
9926
4267
3952
2345
2340
5923
5597
734
3648
3202
3379
1820
9290
6974
6449
686
2781
1665
5397
3611
2064
7675
2181
5603
8101
7440
1208
5242
4867
9514
9489
6325
2055
7908
925
1605
1523
7827
7696
24
2640
7603
4585
9753
6920
5101
7976
912
102
2754
6897
3752
863
3572
4668
8113
1023
1354
8942
9158
875
2542
7326
8031
7217
3883
3560
574
9718
8545
9159
2987
9088
416
9641
2405
4613
7409
3196
9871
437
3991
1257
5060
6289
3342
7310
7505
1794
2463
9742
8171
8928
3504
1134
4383
1209
2303
1533
3527
3887
2516
4269
9128
9266
6542
5513
5412
2896
4727
5377
8120
7465
1664
7386
7173
6685
1483
6783
2449
401
7857
8749
5716
9824
3830
7748
3082
4303
9692
6079
6119
9372
1717
1159
8329
6232
1798
5341
3614
3392
2631
1328
3541
3436
5130
4084
1309
4733
9736
1083
6140
8589
295
4881
77
7100
4810
8897
2883
207
3419
7086
5520
4395
6308
4045
8903
4516
4819
4762
5927
4447
2657
1016
4370
5120
5644
787
1324
4570
7709
9494
920
7095
9566
3094
6043
4943
351
5869
3356
7739
3982
2353
5936
795
3877
418
5452
986
9311
2740
472
7808
5766
1515
8532
3416
6509
5190
4649
5177
5113
4435
8503
3007
4994
8667
8507
4467
8367
4076
2223
127
4397
8292
3348
3332
3626
9941
6576
5006
1444
4232
9552
6162
2539
7495
600
3857
6087
2074
847
1453
6596
310
3860
2525
6498
6882
2512
3417
8911
1374
4824
1180
4492
7569
5494
9215
5099
5134
5022
3369
1920
3178
7790
779
1470
9891
4092
1256
2809
9435
5502
1901
5457
1255
8727
8012
1339
4995
8315
1335
4732
873
6919
1173
6670
3442
7733
5260
7454
1655
5526
5689
9909
2204
7870
6829
6306
1868
8359
9099
9963
4294
4326
6994
551
8339
9361
2044
452
3253
3551
1010
681
6363
1738
8997
8168
1926
4042
2057
9954
2432
4540
8466
5145
654
7658
8353
5447
5076
4633
7515
4355
4430
6761
3828
6139
3171
7892
7172
2806
4900
2018
3910
9287
9585
7529
9587
9628
4788
3915
5963
2777
3706
9993
1706
8764
6386
2105
7995
513
5471
2327
8891
7520
2550
498
3186
9268
7325
2836
1689
7235
5069
9614
4563
5411
3272
3077
1596
1337
6136
587
6854
7708
9040
2956
1988
4085
3279
3006
1782
1067
2240
948
9033
9534
4598
3947
8582
5059
7331
3665
3235
2729
4332
2562
8567
9406
7534
1969
3014
9655
4525
255
6964
8023
7634
9660
1548
2388
4376
2412
8467
1981
9005
880
7404
9141
4338
7252
8702
8845
331
2616
601
4044
3418
5535
7063
9396
9981
3609
668
2465
7178
268
8092
6353
4057
2401
5430
8338
1428
1386
8303
4691
3081
4754
1487
7589
3783
8674
5488
1060
2148
5067
1043
1723
4121
8933
2216
1550
1506
8051
5334
229
9026
2063
3567
2393
1616
3927
323
7253
546
6736
2027
381
5267
291
1964
62
7667
4047
4843
3866
4509
2269
5723
946
6914
1462
3824
6876
7077
1931
4119
8944
4837
9562
9284
8042
7061
9603
3881
1567
1971
5233
8993
3577
724
4511
7105
3036
3421
6428
5584
2666
8899
6138
9061
6562
5479
8518
1381
2864
2045
4660
6679
8591
9097
7814
4331
3762
4591
592
8579
6818
8622
6448
5817
3664
8987
8479
395
9130
143
657
8417
3324
3450
2903
403
1025
1360
83
8600
6955
2332
2047
2502
421
468
1720
5252
3019
8821
3538
6058
774
8052
4266
9171
1468
1791
4774
7813
4018
7496
3230
5265
6226
5102
938
1880
3880
2679
1278
585
806
1106
8634
3256
9235
2450
6355
228
8559
576
2266
2521
2514
7399
4343
4827
6175
677
5964
5825
3734
7330
1725
967
147
8019
7426
3948
1084
2176
8750
4038
7913
9855
1175
5472
1903
8554
5612
287
7181
2351
5705
1363
9041
2897
3040
5168
7236
4380
350
5908
4369
3238
8265
2858
9584
8743
3814
1013
2115
5036
4289
2672
9707
3099
5238
7536
60
4134
8826
1660
6110
9478
2629
3029
1156
9267
7978
8225
2294
9766
7975
541
2664
6539
7160
4118
3207
2151
4292
8904
1020
3205
7519
6090
7424
3874
9956
8763
2379
4281
2208
6590
285
4708
6017
4498
5225
9293
7839
6878
861
9858
9446
5216
3901
6690
9084
4486
667
2580
6568
3090
5616
3627
2632
6212
8026
4413
9250
4362
6246
7185
3254
277
4228
1074
8889
6993
5956
443
4459
9306
7042
7260
2234
6478
2833
5182
5184
6020
7167
6796
821
6047
5485
974
383
5263
1071
4813
8287
1413
4844
7512
3642
5002
1980
2004
3021
5902
6530
2153
3687
1058
4584
242
4315
6148
5313
8323
2426
5772
305
8505
1648
7863
8046
3578
4256
7872
6988
9330
2306
8021
9043
689
2919
8424
7381
1919
9863
8157
6382
6427
9169
6063
6711
5805
6645
9844
2831
6198
1691
1669
684
9694
3001
7309
7645
3767
7816
3031
5551
42
486
1174
8984
181
6150
566
1544
4806
7818
6458
1574
3587
4067
5276
4207
8298
593
5693
6797
9724
1772
5855
6987
567
2876
7247
6557
5763
7671
5058
975
9606
9431
9397
7585
5143
2263
6580
5982
991
318
5389
8915
1954
1197
1445
7107
6959
876
2194
4078
2464
8543
73
5173
7093
3304
2680
9278
103
688
3964
3075
198
5104
1710
3180
7498
4083
5558
2206
8905
8326
3049
1784
9272
3479
4225
9966
2766
6122
9167
5747
3714
4314
5882
7283
5777
6913
4678
8618
9
2434
6654
2546
4243
1976
3799
9680
4063
8296
2802
8268
3932
3554
6570
3930
8546
6332
7366
522
3973
6536
5912
9147
2637
5518
9961
8720
6842
5696
9928
896
6248
2029
7693
1452
3310
1321
4767
5212
3097
9464
9550
1018
2126
9799
5739
2563
3688
3096
7522
4217
1292
3025
5589
8410
3868
2654
6446
8789
6038
2271
3247
2735
9910
3833
2245
4290
6457
5052
4249
7249
717
5873
1819
1371
3597
1246
7984
3174
4604
8510
1459
6713
911