469
840
717
692
799
337
470
821
313
964
631
299
819
647
891
699
49
909
172
356
118
856
335
150
91
186
997
596
879
127
165
55
798
248
112
162
80
340
795
852
532
168
234
333
123
223
20
572
492
479
934
225
851
78
57
533
138
924
690
515
669
448
526
110
433
804
621
491
673
723
505
883
908
32
863
167
247
537
152
349
494
927
432
961
161
191
955
195
300
383
867
52
120
772
895
262
133
301
838
341
158
760
408
109
696
489
770
995
701
401
411
282
708
130
278
176
251
550
757
380
835
400
258
166
555
905
705
459
730
71
415
836
145
985
206
465
872
13
207
70
868
416
146
612
330
185
217
510
940
722
513
412
951
847
688
973
681
72
39
773
709
898
65
695
668
508
794
153
44
561
711
392
782
438
704
376
406
923
693
913
183
500
358
384
482
331
642
769
627
922
9
609
598
66
192
64
960
548
47
920
965
571
41
778
570
82
430
393
514
732
362
377
597
253
811
386
967
175
103
17
449
419
577
870
446
952
413
126
610
409
713
771
683
655
89
240
670
945
226
314
901
177
541
651
938
827
624
28
170
325
644
974
205
402
585
48
38
61
108
504
854
233
237
155
197
814
59
946
661
575
451
774
535
418
51
899
495
53
395
218
159
88
653
164
11
397
423
473
744
229
743
60
230
549
807
79
427
12
582
106
323
900
4
246
129
890
707
749
543
322
94
139
276
857
467
188
776
56
581
906
981
83
347
783
959
551
579
678
954
245
948
626
706
382
309
105
256
429
600
284
342
35
27
128
442
594
639
366
667
576
566
787
26
29
422
141
124
521
169
731
285
663
833
826
352
785
884
69
734
615
552
214
889
710
943
84
171
425
420
321
767
580
121
589
762
484
903
441
134
104
239
426
742
562
676
797
351
568
502
46
789
936
267
962
629
390
698
761
460
372
440
654
236
989
724
455
759
969
21
519
636
45
257
180
844
897
876
216
457
1000
880
569
354
866
563
784
607
665
871
831
189
823
37
810
984
865
501
136
528
516
714
477
374
745
30
975
881
892
765
630
210
436
324
456
308
187
241
42
593
295
529
85
512
33
122
496
818
344
360
768
254
802
277
928
76
43
18
462
296
22
806
746
931
682
656
675
272
268
929
311
2
606
700
125
545
250
820
90
632
677
685
518
646
319
378
178
983
522
716
399
887
738
487
616
861
617
754
428
394
748
538
143
886
231
113
578
279
270
1
608
956
405
269
796
407
156
875
350
490
75
808
497
132
910
435
633
517
993
613
288
199
244
224
294
542
825
119
202
584
565
763
227
310
421
992
800
232
801
25
925
888
998
7
839
107
834
452
265
74
315
829
439
719
249
939
556
666
87
751
628
68
697
339
137
828
147
174
193
893
424
235
373
10
779
396
860
942
437
260
203
5
95
23
611
605
775
320
261
736
443
963
14
318
971
507
387
200
845
527
824
290
417
34
511
634
348
664
557
274
506
211
978
622
739
62
758
220
553
115
727
803
914
741
809
595
326
846
102
603
116
317
620
536
987
474
968
841
391
972
873
259
73
559
453
970
882
721
592
332
375
468
657
643
144
273
728
725
328
414
715
587
445
619
524
567
434
471
196
140
99
874
154
686
720
486
640
157
554
712
986
302
316
3
77
623
648
410
289
896
933
503
357
691
212
525
635
367
843
472
163
966
252
641
271
15
255
540
878
991
184
544
793
215
334
672
312
388
805
190
930
238
307
345
574
6
338
213
830
355
994
16
816
86
149
980
478
813
689
353
894
266
602
832
531
101
649
702
937
450
547
539
988
198
747
476
431
264
242
306
389
148
464
327
645
604
599
493
573
877
371
219
788
915
786
564
520
530
601
283
850
40
588
454
740
208
859
869
918
917
444
286
941
999
764
977
729
842
304
305
944
67
976
546
792
791
902
849
680
950
733
369
363
182
368
280
958
498
949
755
336
179
243
558
907
982
766
50
919
343
461
365
483
509
780
583
19
837
403
947
662
658
753
201
726
485
735
114
957
142
523
674
209
54
979
932
281
370
92
221
303
466
96
204
684
135
659
815
921
160
660
173
287
291
718
385
812
404
346
862
911
848
361
822
359
679
298
912
703
650
297
275
24
194
458
364
463
398
916
935
98
480
111
781
488
864
222
750
481
117
614
790
777
560
638
58
817
36
292
591
263
379
926
694
858
8
97
996
953
131
381
737
447
293
586
31
687
63
904
990
625
228
590
652
637
181
100
475
853
618
756
93
855
499
885
81
151
534
752
329
671